0 0
1 1
2 1
3 1
4 1
5 1
6 1
7 1
8 1
9 1
10 1
11 1
12 1
13 0
14 0
15 0
16 0
17 1
18 1
19 0
20 1
21 1
22 1
23 1
24 1
25 0
26 1
27 1
28 1
29 1
30 0
31 0
32 0
33 1
34 1
35 0
36 0
37 0
38 0
39 0
40 0
41 0
42 0
43 0
44 0
45 0
46 0
47 0
48 0
49 0
50 0
51 0
52 1
53 1
54 1
55 1
56 0
57 0
58 0
59 0
60 0
61 0
62 0
63 0
64 0
65 0
66 0
155 1
156 0
157 1
158 1
159 1
160 1
161 1
162 0
163 0
164 1
165 1
166 1
167 0
168 0
169 1
170 1
171 1
172 1
173 1
174 1
175 0
176 1
177 1
178 1
179 1
180 1
181 0
182 0
183 0
184 0
185 1
186 0
187 0
188 0
189 0
190 0
191 1
192 0
193 0
194 0
195 0
196 0
197 0
198 0
199 0
200 0
201 0
202 0
203 0
204 0
205 0
206 0
207 0
208 0
209 0
210 0
211 0
212 0
213 0
214 0
215 0
216 0
217 1
218 1
219 0
220 0
221 0
310 1
311 1
312 0
313 1
314 1
315 1
316 1
317 0
318 1
319 1
320 0
321 0
322 0
323 0
324 1
325 1
326 1
327 0
328 0
329 1
330 0
331 0
332 0
333 1
334 1
335 1
336 0
337 0
338 0
339 0
340 0
341 1
342 0
343 0
344 0
345 0
346 1
347 1
348 0
349 0
350 0
351 0
352 0
353 0
354 0
355 0
356 0
357 0
358 0
359 1
360 0
361 0
362 0
363 0
364 0
365 0
366 0
367 0
368 0
369 0
370 0
371 0
372 0
373 0
374 0
375 0
376 0
465 1
466 1
467 0
468 0
469 1
470 1
471 1
472 1
473 1
474 0
475 0
476 0
477 0
478 0
479 1
480 1
481 1
482 1
483 1
484 1
485 0
486 1
487 1
488 1
489 1
490 1
491 1
492 1
493 0
494 1
495 0
496 0
497 0
498 0
499 0
500 0
501 0
502 0
503 0
504 0
505 0
506 0
507 0
508 0
509 0
510 0
511 0
512 0
513 0
514 0
515 0
516 0
517 0
518 0
519 0
520 0
521 0
522 0
523 0
524 0
525 0
526 0
527 0
528 0
529 0
530 0
531 0
620 0
621 1
622 1
623 0
624 0
625 0
626 0
627 0
628 0
629 0
630 0
631 1
632 1
633 0
634 0
635 0
636 0
637 0
638 1
639 0
640 0
641 0
642 1
643 1
644 0
645 0
646 0
647 0
648 0
649 1
650 1
651 0
652 1
653 1
654 0
655 0
656 0
657 1
658 1
659 1
660 1
661 1
662 1
663 1
664 0
665 0
666 0
667 1
668 0
669 0
670 1
671 1
672 1
673 1
674 0
675 0
676 0
677 0
678 0
679 0
680 0
681 0
682 0
683 0
684 0
685 0
686 0
775 0
776 1
777 1
778 0
779 0
780 0
781 0
782 0
783 1
784 1
785 1
786 1
787 1
788 0
789 0
790 0
791 1
792 1
793 0
794 0
795 0
796 1
797 1
798 1
799 1
800 0
801 1
802 1
803 0
804 0
805 1
806 1
807 1
808 1
809 1
810 1
811 1
812 1
813 1
814 0
815 0
816 1
817 1
818 1
819 1
820 0
821 1
822 0
823 0
824 0
825 0
826 0
827 0
828 0
829 0
830 1
831 1
832 1
833 1
834 0
835 0
836 0
837 0
838 0
839 0
840 0
841 1
930 0
931 1
932 1
933 1
934 1
935 1
936 0
937 0
938 0
939 0
940 0
941 1
942 1
943 1
944 1
945 1
946 1
947 1
948 0
949 1
950 1
951 1
952 0
953 1
954 1
955 1
956 1
957 1
958 1
959 0
960 0
961 1
962 1
963 1
964 1
965 0
966 1
967 1
968 0
969 0
970 0
971 0
972 0
973 0
974 1
975 0
976 1
977 1
978 0
979 1
980 0
981 0
982 1
983 1
984 1
985 1
986 0
987 1
988 1
989 0
990 0
991 0
992 0
993 0
994 1
995 0
996 1
1085 1
1086 1
1087 0
1088 1
1089 1
1090 1
1091 1
1092 1
1093 1
1094 0
1095 0
1096 0
1097 0
1098 0
1099 0
1100 0
1101 1
1102 1
1103 1
1104 1
1105 1
1106 1
1107 1
1108 1
1109 1
1110 0
1111 0
1112 0
1113 0
1114 0
1115 0
1116 1
1117 1
1118 1
1119 1
1120 1
1121 1
1122 1
1123 0
1124 0
1125 0
1126 0
1127 0
1128 0
1129 1
1130 0
1131 0
1132 0
1133 0
1134 0
1135 1
1136 0
1137 0
1138 0
1139 1
1140 1
1141 0
1142 1
1143 1
1144 1
1145 1
1146 0
1147 0
1148 0
1149 1
1150 1
1151 0
1240 1
1241 0
1242 1
1243 1
1244 1
1245 1
1246 1
1247 0
1248 0
1249 0
1250 0
1251 0
1252 0
1253 0
1254 0
1255 0
1256 1
1257 1
1258 0
1259 1
1260 1
1261 1
1262 1
1263 0
1264 0
1265 1
1266 1
1267 0
1268 0
1269 0
1270 0
1271 0
1272 1
1273 1
1274 1
1275 1
1276 1
1277 0
1278 1
1279 1
1280 0
1281 0
1282 0
1283 0
1284 0
1285 0
1286 0
1287 0
1288 0
1289 0
1290 0
1291 0
1292 0
1293 0
1294 0
1295 0
1296 0
1297 1
1298 1
1299 0
1300 0
1301 0
1302 1
1303 1
1304 0
1305 0
1306 0
1395 0
1396 0
1397 1
1398 1
1399 0
1400 0
1401 1
1402 1
1403 0
1404 0
1405 0
1406 0
1407 0
1408 0
1409 0
1410 0
1411 0
1412 0
1413 0
1414 0
1415 0
1416 1
1417 1
1418 0
1419 1
1420 1
1421 0
1422 0
1423 0
1424 0
1425 0
1426 0
1427 0
1428 0
1429 1
1430 0
1431 0
1432 0
1433 1
1434 0
1435 0
1436 0
1437 0
1438 0
1439 0
1440 0
1441 0
1442 0
1443 0
1444 0
1445 0
1446 0
1447 0
1448 0
1449 0
1450 0
1451 0
1452 1
1453 0
1454 0
1455 1
1456 1
1457 1
1458 0
1459 0
1460 0
1461 0
1550 0
1551 0
1552 0
1553 0
1554 0
1555 0
1556 0
1557 0
1558 0
1559 0
1560 0
1561 0
1562 0
1563 0
1564 0
1565 0
1566 0
1567 0
1568 0
1569 0
1570 0
1571 0
1572 0
1573 0
1574 0
1575 0
1576 0
1577 1
1578 0
1579 0
1580 0
1581 0
1582 0
1583 0
1584 1
1585 0
1586 0
1587 0
1588 0
1589 0
1590 0
1591 0
1592 0
1593 0
1594 0
1595 0
1596 0
1597 0
1598 0
1599 0
1600 1
1601 0
1602 0
1603 0
1604 0
1605 0
1606 0
1607 0
1608 1
1609 0
1610 0
1611 0
1612 0
1613 1
1614 1
1615 0
1616 0
1705 0
1706 0
1707 1
1708 1
1709 0
1710 0
1711 0
1712 0
1713 0
1714 0
1715 1
1716 1
1717 0
1718 0
1719 1
1720 1
1721 0
1722 0
1723 0
1724 0
1725 0
1726 0
1727 0
1728 0
1729 0
1730 0
1731 0
1732 0
1733 0
1734 1
1735 0
1736 0
1737 0
1738 0
1739 1
1740 0
1741 0
1742 0
1743 0
1744 0
1745 0
1746 0
1747 0
1748 0
1749 0
1750 0
1751 0
1752 0
1753 0
1754 0
1755 0
1756 0
1757 0
1758 0
1759 0
1760 0
1761 0
1762 0
1763 1
1764 0
1765 0
1766 0
1767 0
1768 0
1769 0
1770 0
1771 0
1860 0
1861 0
1862 1
1863 0
1864 0
1865 0
1866 0
1867 0
1868 0
1869 0
1870 0
1871 1
1872 0
1873 0
1874 0
1875 0
1876 0
1877 1
1878 0
1879 0
1880 0
1881 0
1882 0
1883 0
1884 0
1885 0
1886 0
1887 1
1888 0
1889 1
1890 1
1891 1
1892 0
1893 0
1894 0
1895 0
1896 0
1897 0
1898 0
1899 0
1900 0
1901 0
1902 0
1903 0
1904 0
1905 1
1906 1
1907 0
1908 0
1909 0
1910 0
1911 0
1912 0
1913 0
1914 0
1915 0
1916 0
1917 0
1918 0
1919 0
1920 0
1921 0
1922 0
1923 0
1924 0
1925 0
1926 0
2015 0
2016 0
2017 0
2018 0
2019 0
2020 0
2021 0
2022 0
2023 0
2024 0
2025 0
2026 0
2027 0
2028 1
2029 0
2030 0
2031 0
2032 0
2033 0
2034 0
2035 0
2036 0
2037 0
2038 0
2039 0
2040 0
2041 0
2042 0
2043 0
2044 0
2045 1
2046 1
2047 0
2048 0
2049 0
2050 0
2051 0
2052 0
2053 0
2054 0
2055 0
2056 0
2057 0
2058 0
2059 0
2060 0
2061 1
2062 1
2063 0
2064 0
2065 0
2066 0
2067 0
2068 0
2069 0
2070 0
2071 0
2072 0
2073 0
2074 0
2075 0
2076 0
2077 0
2078 0
2079 0
2080 0
2081 0
2170 0
2171 0
2172 0
2173 0
2174 0
2175 0
2176 0
2177 0
2178 0
2179 0
2180 1
2181 0
2182 0
2183 0
2184 0
2185 0
2186 0
2187 0
2188 0
2189 0
2190 0
2191 0
2192 0
2193 0
2194 0
2195 0
2196 0
2197 0
2198 0
2199 0
2200 1
2201 1
2202 1
2203 1
2204 0
2205 0
2206 0
2207 0
2208 0
2209 0
2210 0
2211 0
2212 0
2213 0
2214 0
2215 0
2216 0
2217 0
2218 0
2219 0
2220 0
2221 0
2222 0
2223 0
2224 0
2225 0
2226 0
2227 0
2228 0
2229 0
2230 0
2231 0
2232 0
2233 1
2234 1
2235 0
2236 0
2325 0
2326 0
2327 0
2328 0
2329 0
2330 0
2331 0
2332 0
2333 0
2334 1
2335 1
2336 1
2337 1
2338 1
2339 1
2340 0
2341 1
2342 1
2343 0
2344 0
2345 0
2346 0
2347 0
2348 0
2349 0
2350 0
2351 0
2352 0
2353 0
2354 0
2355 0
2356 0
2357 1
2358 1
2359 0
2360 0
2361 0
2362 0
2363 0
2364 0
2365 0
2366 0
2367 0
2368 0
2369 0
2370 0
2371 0
2372 0
2373 0
2374 0
2375 0
2376 0
2377 0
2378 0
2379 0
2380 0
2381 0
2382 0
2383 0
2384 0
2385 0
2386 0
2387 0
2388 0
2389 0
2390 0
2391 0
2480 1
2481 0
2482 0
2483 0
2484 0
2485 0
2486 0
2487 0
2488 0
2489 0
2490 0
2491 1
2492 1
2493 1
2494 1
2495 0
2496 1
2497 0
2498 0
2499 0
2500 0
2501 0
2502 0
2503 0
2504 0
2505 0
2506 0
2507 0
2508 0
2509 0
2510 0
2511 0
2512 0
2513 0
2514 0
2515 0
2516 1
2517 0
2518 0
2519 0
2520 0
2521 0
2522 0
2523 0
2524 1
2525 0
2526 0
2527 0
2528 1
2529 0
2530 1
2531 1
2532 0
2533 0
2534 0
2535 0
2536 0
2537 0
2538 0
2539 0
2540 0
2541 0
2542 0
2543 0
2544 0
2545 0
2546 0
2635 1
2636 1
2637 0
2638 0
2639 0
2640 0
2641 0
2642 0
2643 0
2644 0
2645 0
2646 0
2647 0
2648 0
2649 0
2650 0
2651 0
2652 0
2653 0
2654 0
2655 0
2656 0
2657 0
2658 0
2659 0
2660 0
2661 0
2662 0
2663 1
2664 1
2665 1
2666 0
2667 0
2668 0
2669 0
2670 0
2671 0
2672 1
2673 0
2674 0
2675 0
2676 0
2677 0
2678 0
2679 1
2680 0
2681 0
2682 1
2683 0
2684 0
2685 0
2686 0
2687 1
2688 1
2689 0
2690 0
2691 0
2692 0
2693 1
2694 0
2695 0
2696 0
2697 1
2698 1
2699 0
2700 0
2701 0
2790 0
2791 0
2792 0
2793 0
2794 0
2795 0
2796 0
2797 0
2798 0
2799 0
2800 0
2801 0
2802 0
2803 0
2804 0
2805 0
2806 0
2807 0
2808 0
2809 0
2810 0
2811 0
2812 0
2813 0
2814 0
2815 0
2816 0
2817 0
2818 0
2819 1
2820 1
2821 0
2822 1
2823 1
2824 0
2825 0
2826 0
2827 1
2828 1
2829 1
2830 1
2831 1
2832 1
2833 1
2834 1
2835 1
2836 1
2837 1
2838 1
2839 0
2840 0
2841 0
2842 0
2843 0
2844 0
2845 0
2846 0
2847 0
2848 1
2849 0
2850 1
2851 1
2852 0
2853 0
2854 1
2855 1
2856 1
2945 0
2946 0
2947 0
2948 0
2949 0
2950 0
2951 0
2952 0
2953 0
2954 0
2955 0
2956 0
2957 0
2958 0
2959 0
2960 0
2961 0
2962 0
2963 0
2964 0
2965 0
2966 0
2967 1
2968 1
2969 0
2970 0
2971 0
2972 0
2973 0
2974 0
2975 0
2976 0
2977 0
2978 1
2979 0
2980 0
2981 0
2982 0
2983 0
2984 0
2985 0
2986 0
2987 0
2988 0
2989 0
2990 1
2991 0
2992 0
2993 0
2994 0
2995 0
2996 0
2997 0
2998 0
2999 0
3000 0
3001 0
3002 1
3003 0
3004 0
3005 1
3006 1
3007 1
3008 0
3009 0
3010 0
3011 0
3100 0
3101 0
3102 0
3103 0
3104 1
3105 1
3106 0
3107 0
3108 0
3109 0
3110 0
3111 0
3112 0
3113 0
3114 0
3115 0
3116 0
3117 0
3118 0
3119 0
3120 0
3121 0
3122 0
3123 0
3124 0
3125 0
3126 0
3127 0
3128 0
3129 0
3130 0
3131 0
3132 0
3133 0
3134 0
3135 0
3136 0
3137 0
3138 0
3139 0
3140 0
3141 0
3142 0
3143 0
3144 0
3145 0
3146 0
3147 0
3148 0
3149 0
3150 0
3151 0
3152 0
3153 0
3154 1
3155 1
3156 0
3157 1
3158 1
3159 0
3160 0
3161 0
3162 0
3163 0
3164 0
3165 0
3166 0
3255 0
3256 0
3257 1
3258 0
3259 0
3260 0
3261 0
3262 1
3263 0
3264 0
3265 0
3266 0
3267 0
3268 0
3269 0
3270 0
3271 0
3272 0
3273 0
3274 0
3275 0
3276 0
3277 0
3278 0
3279 0
3280 0
3281 0
3282 0
3283 0
3284 0
3285 0
3286 0
3287 0
3288 0
3289 1
3290 1
3291 0
3292 0
3293 0
3294 0
3295 0
3296 0
3297 0
3298 0
3299 0
3300 1
3301 1
3302 1
3303 0
3304 0
3305 0
3306 1
3307 1
3308 1
3309 0
3310 0
3311 0
3312 0
3313 0
3314 0
3315 0
3316 0
3317 0
3318 0
3319 0
3320 0
3321 0
3410 0
3411 0
3412 0
3413 0
3414 0
3415 0
3416 0
3417 1
3418 0
3419 0
3420 0
3421 0
3422 0
3423 1
3424 1
3425 0
3426 0
3427 0
3428 0
3429 0
3430 0
3431 0
3432 0
3433 0
3434 0
3435 0
3436 0
3437 0
3438 0
3439 0
3440 0
3441 0
3442 0
3443 0
3444 1
3445 1
3446 1
3447 0
3448 0
3449 0
3450 0
3451 0
3452 0
3453 0
3454 0
3455 1
3456 1
3457 1
3458 0
3459 1
3460 1
3461 0
3462 0
3463 0
3464 0
3465 0
3466 0
3467 0
3468 0
3469 0
3470 0
3471 0
3472 0
3473 0
3474 0
3475 0
3476 0
3565 0
3566 1
3567 1
3568 1
3569 0
3570 0
3571 0
3572 0
3573 0
3574 0
3575 0
3576 0
3577 0
3578 0
3579 0
3580 0
3581 0
3582 0
3583 0
3584 0
3585 0
3586 0
3587 0
3588 0
3589 0
3590 0
3591 0
3592 0
3593 0
3594 0
3595 0
3596 0
3597 1
3598 1
3599 0
3600 1
3601 0
3602 0
3603 0
3604 0
3605 0
3606 0
3607 0
3608 0
3609 0
3610 0
3611 0
3612 0
3613 1
3614 0
3615 0
3616 1
3617 0
3618 0
3619 0
3620 0
3621 0
3622 0
3623 1
3624 0
3625 0
3626 0
3627 0
3628 0
3629 0
3630 0
3631 0
3720 0
3721 0
3722 0
3723 0
3724 0
3725 0
3726 0
3727 0
3728 0
3729 0
3730 0
3731 0
3732 0
3733 1
3734 1
3735 0
3736 0
3737 0
3738 0
3739 0
3740 0
3741 0
3742 0
3743 0
3744 0
3745 0
3746 0
3747 0
3748 0
3749 0
3750 0
3751 0
3752 0
3753 0
3754 0
3755 1
3756 1
3757 1
3758 0
3759 0
3760 0
3761 1
3762 1
3763 1
3764 0
3765 0
3766 0
3767 0
3768 0
3769 0
3770 0
3771 0
3772 0
3773 0
3774 0
3775 0
3776 0
3777 0
3778 0
3779 0
3780 0
3781 0
3782 0
3783 0
3784 0
3785 0
3786 0
3875 0
3876 1
3877 0
3878 0
3879 0
3880 0
3881 0
3882 0
3883 0
3884 0
3885 0
3886 0
3887 0
3888 0
3889 0
3890 1
3891 1
3892 1
3893 0
3894 0
3895 0
3896 0
3897 0
3898 0
3899 0
3900 0
3901 0
3902 0
3903 0
3904 0
3905 0
3906 0
3907 0
3908 1
3909 1
3910 1
3911 0
3912 1
3913 0
3914 0
3915 0
3916 0
3917 0
3918 0
3919 0
3920 0
3921 1
3922 0
3923 0
3924 1
3925 0
3926 0
3927 0
3928 0
3929 0
3930 0
3931 0
3932 0
3933 0
3934 0
3935 0
3936 1
3937 1
3938 0
3939 0
3940 0
3941 0
4030 0
4031 0
4032 0
4033 0
4034 0
4035 0
4036 0
4037 0
4038 0
4039 0
4040 0
4041 0
4042 0
4043 0
4044 0
4045 0
4046 0
4047 0
4048 0
4049 0
4050 0
4051 0
4052 0
4053 0
4054 1
4055 0
4056 0
4057 0
4058 0
4059 0
4060 0
4061 0
4062 0
4063 1
4064 1
4065 0
4066 0
4067 1
4068 1
4069 0
4070 0
4071 0
4072 0
4073 0
4074 0
4075 0
4076 0
4077 0
4078 0
4079 1
4080 0
4081 1
4082 0
4083 0
4084 0
4085 0
4086 0
4087 0
4088 0
4089 0
4090 0
4091 1
4092 1
4093 0
4094 0
4095 0
4096 0
4185 0
4186 0
4187 0
4188 0
4189 0
4190 0
4191 0
4192 0
4193 0
4194 0
4195 0
4196 0
4197 0
4198 0
4199 0
4200 0
4201 0
4202 1
4203 1
4204 0
4205 1
4206 1
4207 1
4208 1
4209 1
4210 0
4211 0
4212 0
4213 0
4214 0
4215 0
4216 0
4217 1
4218 0
4219 0
4220 0
4221 1
4222 1
4223 1
4224 0
4225 0
4226 0
4227 0
4228 0
4229 0
4230 1
4231 1
4232 0
4233 1
4234 0
4235 0
4236 0
4237 1
4238 1
4239 1
4240 1
4241 0
4242 0
4243 0
4244 0
4245 0
4246 0
4247 0
4248 0
4249 0
4250 0
4251 0
4340 0
4341 0
4342 0
4343 0
4344 0
4345 0
4346 0
4347 0
4348 0
4349 0
4350 0
4351 0
4352 0
4353 0
4354 1
4355 0
4356 0
4357 1
4358 1
4359 1
4360 0
4361 1
4362 1
4363 0
4364 0
4365 0
4366 0
4367 0
4368 1
4369 1
4370 1
4371 1
4372 1
4373 1
4374 0
4375 0
4376 1
4377 0
4378 0
4379 0
4380 0
4381 0
4382 0
4383 0
4384 0
4385 0
4386 0
4387 0
4388 1
4389 0
4390 0
4391 0
4392 1
4393 1
4394 0
4395 0
4396 0
4397 0
4398 0
4399 0
4400 0
4401 0
4402 0
4403 0
4404 1
4405 1
4406 0
4495 1
4496 0
4497 0
4498 0
4499 0
4500 1
4501 1
4502 1
4503 0
4504 0
4505 0
4506 1
4507 1
4508 0
4509 0
4510 1
4511 1
4512 1
4513 0
4514 0
4515 0
4516 0
4517 0
4518 0
4519 0
4520 0
4521 1
4522 0
4523 0
4524 0
4525 0
4526 0
4527 0
4528 0
4529 0
4530 0
4531 1
4532 1
4533 0
4534 0
4535 0
4536 1
4537 0
4538 0
4539 0
4540 0
4541 0
4542 0
4543 0
4544 0
4545 0
4546 0
4547 0
4548 0
4549 0
4550 0
4551 0
4552 0
4553 0
4554 0
4555 0
4556 0
4557 0
4558 0
4559 1
4560 1
4561 0
4650 0
4651 0
4652 0
4653 0
4654 0
4655 1
4656 1
4657 1
4658 1
4659 1
4660 0
4661 0
4662 1
4663 0
4664 0
4665 0
4666 1
4667 0
4668 0
4669 1
4670 0
4671 0
4672 1
4673 0
4674 0
4675 0
4676 0
4677 0
4678 1
4679 1
4680 0
4681 0
4682 0
4683 0
4684 0
4685 0
4686 0
4687 0
4688 0
4689 0
4690 0
4691 1
4692 0
4693 0
4694 0
4695 0
4696 0
4697 0
4698 0
4699 0
4700 0
4701 0
4702 0
4703 0
4704 0
4705 0
4706 0
4707 0
4708 0
4709 0
4710 0
4711 1
4712 1
4713 1
4714 0
4715 0
4716 0
4805 0
4806 0
4807 0
4808 0
4809 0
4810 0
4811 0
4812 0
4813 0
4814 0
4815 0
4816 1
4817 0
4818 0
4819 0
4820 0
4821 0
4822 0
4823 1
4824 1
4825 0
4826 0
4827 1
4828 0
4829 1
4830 1
4831 0
4832 0
4833 0
4834 1
4835 1
4836 0
4837 0
4838 0
4839 1
4840 0
4841 1
4842 0
4843 0
4844 0
4845 0
4846 0
4847 1
4848 0
4849 1
4850 0
4851 0
4852 0
4853 0
4854 0
4855 0
4856 0
4857 0
4858 0
4859 0
4860 0
4861 0
4862 0
4863 0
4864 0
4865 0
4866 0
4867 1
4868 0
4869 0
4870 0
4871 0
4960 0
4961 0
4962 0
4963 0
4964 0
4965 0
4966 0
4967 0
4968 0
4969 0
4970 0
4971 0
4972 0
4973 0
4974 0
4975 0
4976 0
4977 0
4978 0
4979 0
4980 0
4981 0
4982 0
4983 1
4984 1
4985 0
4986 1
4987 0
4988 1
4989 0
4990 0
4991 0
4992 0
4993 0
4994 0
4995 0
4996 0
4997 1
4998 1
4999 1
5000 1
5001 0
5002 1
5003 1
5004 1
5005 0
5006 0
5007 1
5008 1
5009 1
5010 0
5011 0
5012 0
5013 0
5014 0
5015 0
5016 0
5017 0
5018 0
5019 0
5020 0
5021 0
5022 1
5023 1
5024 0
5025 0
5026 0
5115 0
5116 0
5117 0
5118 0
5119 0
5120 0
5121 0
5122 0
5123 0
5124 0
5125 1
5126 1
5127 1
5128 1
5129 0
5130 1
5131 1
5132 0
5133 0
5134 0
5135 1
5136 1
5137 1
5138 0
5139 0
5140 0
5141 1
5142 0
5143 1
5144 1
5145 0
5146 0
5147 0
5148 0
5149 0
5150 0
5151 0
5152 1
5153 1
5154 1
5155 0
5156 0
5157 0
5158 0
5159 0
5160 0
5161 0
5162 0
5163 1
5164 1
5165 1
5166 0
5167 1
5168 1
5169 0
5170 1
5171 0
5172 1
5173 0
5174 0
5175 0
5176 0
5177 1
5178 1
5179 0
5180 0
5181 1
5270 0
5271 0
5272 0
5273 0
5274 0
5275 0
5276 0
5277 0
5278 0
5279 0
5280 1
5281 1
5282 1
5283 1
5284 0
5285 1
5286 1
5287 0
5288 0
5289 0
5290 1
5291 1
5292 0
5293 0
5294 0
5295 1
5296 1
5297 1
5298 1
5299 0
5300 0
5301 0
5302 0
5303 0
5304 0
5305 1
5306 1
5307 0
5308 0
5309 1
5310 1
5311 1
5312 1
5313 0
5314 1
5315 1
5316 0
5317 0
5318 1
5319 1
5320 1
5321 0
5322 1
5323 1
5324 1
5325 1
5326 1
5327 0
5328 1
5329 0
5330 0
5331 0
5332 0
5333 1
5334 1
5335 0
5336 1
5425 0
5426 0
5427 0
5428 0
5429 1
5430 0
5431 0
5432 1
5433 1
5434 0
5435 0
5436 1
5437 1
5438 0
5439 0
5440 0
5441 0
5442 0
5443 0
5444 0
5445 1
5446 1
5447 0
5448 1
5449 1
5450 1
5451 0
5452 0
5453 0
5454 0
5455 0
5456 0
5457 0
5458 0
5459 0
5460 0
5461 0
5462 0
5463 0
5464 0
5465 0
5466 0
5467 0
5468 1
5469 1
5470 1
5471 1
5472 0
5473 1
5474 1
5475 0
5476 0
5477 1
5478 0
5479 1
5480 0
5481 0
5482 1
5483 1
5484 0
5485 0
5486 0
5487 0
5488 0
5489 0
5490 0
5491 0
5580 0
5581 1
5582 1
5583 1
5584 1
5585 1
5586 0
5587 1
5588 1
5589 1
5590 1
5591 1
5592 1
5593 1
5594 0
5595 0
5596 0
5597 0
5598 0
5599 0
5600 0
5601 1
5602 1
5603 1
5604 1
5605 0
5606 1
5607 0
5608 0
5609 1
5610 1
5611 0
5612 0
5613 0
5614 0
5615 0
5616 0
5617 0
5618 0
5619 0
5620 0
5621 0
5622 0
5623 0
5624 0
5625 1
5626 1
5627 1
5628 1
5629 1
5630 1
5631 1
5632 1
5633 1
5634 0
5635 0
5636 1
5637 0
5638 1
5639 1
5640 0
5641 0
5642 0
5643 0
5644 0
5645 0
5646 0
5735 1
5736 1
5737 1
5738 1
5739 1
5740 1
5741 1
5742 1
5743 1
5744 1
5745 1
5746 0
5747 0
5748 0
5749 1
5750 0
5751 0
5752 1
5753 0
5754 0
5755 0
5756 0
5757 0
5758 1
5759 1
5760 0
5761 0
5762 0
5763 0
5764 0
5765 1
5766 1
5767 0
5768 0
5769 0
5770 0
5771 0
5772 0
5773 1
5774 1
5775 0
5776 0
5777 0
5778 0
5779 0
5780 0
5781 0
5782 0
5783 0
5784 1
5785 1
5786 1
5787 0
5788 0
5789 0
5790 0
5791 0
5792 0
5793 1
5794 1
5795 0
5796 0
5797 0
5798 0
5799 1
5800 0
5801 0
5890 0
5891 1
5892 1
5893 0
5894 0
5895 1
5896 1
5897 0
5898 0
5899 0
5900 0
5901 0
5902 1
5903 1
5904 1
5905 0
5906 0
5907 0
5908 0
5909 0
5910 0
5911 0
5912 1
5913 1
5914 0
5915 0
5916 0
5917 0
5918 0
5919 0
5920 0
5921 0
5922 0
5923 0
5924 0
5925 0
5926 0
5927 1
5928 0
5929 1
5930 1
5931 1
5932 0
5933 1
5934 0
5935 0
5936 0
5937 0
5938 0
5939 0
5940 0
5941 1
5942 0
5943 0
5944 0
5945 0
5946 0
5947 0
5948 0
5949 1
5950 1
5951 0
5952 0
5953 0
5954 0
5955 0
5956 0
6045 0
6046 1
6047 1
6048 0
6049 1
6050 1
6051 0
6052 1
6053 0
6054 0
6055 0
6056 0
6057 0
6058 0
6059 0
6060 0
6061 0
6062 0
6063 0
6064 0
6065 0
6066 0
6067 0
6068 1
6069 1
6070 1
6071 1
6072 1
6073 0
6074 1
6075 0
6076 0
6077 0
6078 1
6079 0
6080 1
6081 1
6082 0
6083 1
6084 1
6085 1
6086 1
6087 0
6088 1
6089 1
6090 0
6091 0
6092 0
6093 0
6094 0
6095 0
6096 0
6097 0
6098 0
6099 0
6100 0
6101 0
6102 1
6103 0
6104 1
6105 1
6106 0
6107 0
6108 0
6109 0
6110 0
6111 0
6200 1
6201 1
6202 1
6203 1
6204 1
6205 0
6206 1
6207 1
6208 1
6209 1
6210 0
6211 0
6212 0
6213 0
6214 0
6215 0
6216 0
6217 0
6218 0
6219 0
6220 0
6221 0
6222 0
6223 0
6224 0
6225 0
6226 0
6227 1
6228 0
6229 0
6230 0
6231 0
6232 0
6233 0
6234 1
6235 0
6236 0
6237 0
6238 1
6239 1
6240 1
6241 1
6242 1
6243 1
6244 1
6245 0
6246 0
6247 1
6248 1
6249 0
6250 0
6251 0
6252 0
6253 0
6254 0
6255 0
6256 0
6257 0
6258 0
6259 0
6260 1
6261 1
6262 0
6263 0
6264 0
6265 0
6266 1
6355 1
6356 1
6357 1
6358 1
6359 1
6360 1
6361 1
6362 1
6363 0
6364 0
6365 0
6366 0
6367 0
6368 0
6369 0
6370 0
6371 0
6372 1
6373 1
6374 0
6375 0
6376 1
6377 0
6378 0
6379 0
6380 0
6381 0
6382 1
6383 1
6384 0
6385 0
6386 0
6387 0
6388 0
6389 0
6390 0
6391 0
6392 1
6393 0
6394 0
6395 0
6396 1
6397 1
6398 1
6399 1
6400 0
6401 1
6402 1
6403 1
6404 0
6405 0
6406 0
6407 0
6408 0
6409 0
6410 0
6411 0
6412 0
6413 0
6414 1
6415 1
6416 1
6417 0
6418 0
6419 1
6420 1
6421 0
6510 1
6511 0
6512 1
6513 1
6514 1
6515 1
6516 1
6517 0
6518 0
6519 0
6520 0
6521 0
6522 0
6523 0
6524 0
6525 0
6526 0
6527 0
6528 0
6529 0
6530 0
6531 1
6532 0
6533 0
6534 0
6535 0
6536 0
6537 1
6538 0
6539 1
6540 0
6541 1
6542 1
6543 1
6544 1
6545 1
6546 0
6547 0
6548 0
6549 0
6550 0
6551 0
6552 1
6553 0
6554 1
6555 1
6556 1
6557 0
6558 0
6559 0
6560 0
6561 0
6562 0
6563 0
6564 0
6565 0
6566 0
6567 0
6568 1
6569 1
6570 0
6571 1
6572 1
6573 0
6574 1
6575 0
6576 0
6665 0
6666 0
6667 0
6668 1
6669 1
6670 1
6671 0
6672 1
6673 0
6674 1
6675 0
6676 0
6677 0
6678 0
6679 0
6680 0
6681 0
6682 0
6683 0
6684 0
6685 0
6686 0
6687 0
6688 0
6689 0
6690 0
6691 1
6692 1
6693 1
6694 1
6695 0
6696 1
6697 1
6698 0
6699 0
6700 0
6701 0
6702 1
6703 1
6704 1
6705 0
6706 0
6707 0
6708 1
6709 1
6710 0
6711 0
6712 0
6713 0
6714 0
6715 0
6716 0
6717 0
6718 0
6719 0
6720 0
6721 0
6722 0
6723 1
6724 1
6725 0
6726 0
6727 0
6728 0
6729 1
6730 0
6731 0
6820 0
6821 0
6822 0
6823 0
6824 0
6825 0
6826 0
6827 1
6828 1
6829 1
6830 1
6831 0
6832 0
6833 0
6834 0
6835 0
6836 0
6837 0
6838 0
6839 0
6840 0
6841 0
6842 0
6843 1
6844 1
6845 1
6846 0
6847 0
6848 0
6849 0
6850 0
6851 0
6852 1
6853 1
6854 0
6855 0
6856 0
6857 0
6858 1
6859 1
6860 0
6861 0
6862 0
6863 1
6864 1
6865 0
6866 0
6867 0
6868 0
6869 0
6870 0
6871 0
6872 0
6873 1
6874 1
6875 0
6876 0
6877 0
6878 1
6879 0
6880 0
6881 0
6882 0
6883 0
6884 0
6885 0
6886 0
6975 0
6976 0
6977 0
6978 0
6979 0
6980 0
6981 0
6982 0
6983 0
6984 1
6985 1
6986 1
6987 1
6988 1
6989 1
6990 0
6991 0
6992 0
6993 0
6994 0
6995 0
6996 0
6997 0
6998 0
6999 1
7000 1
7001 0
7002 1
7003 1
7004 1
7005 1
7006 0
7007 0
7008 0
7009 0
7010 0
7011 1
7012 1
7013 0
7014 0
7015 0
7016 0
7017 0
7018 0
7019 1
7020 1
7021 0
7022 0
7023 0
7024 1
7025 0
7026 0
7027 0
7028 0
7029 0
7030 0
7031 0
7032 0
7033 0
7034 0
7035 0
7036 0
7037 0
7038 0
7039 0
7040 1
7041 0
7130 0
7131 0
7132 0
7133 0
7134 0
7135 0
7136 0
7137 0
7138 0
7139 0
7140 0
7141 0
7142 0
7143 0
7144 0
7145 0
7146 0
7147 0
7148 0
7149 0
7150 0
7151 0
7152 0
7153 0
7154 0
7155 0
7156 1
7157 1
7158 1
7159 0
7160 0
7161 0
7162 0
7163 0
7164 1
7165 1
7166 1
7167 1
7168 0
7169 0
7170 0
7171 0
7172 0
7173 0
7174 0
7175 0
7176 0
7177 0
7178 1
7179 0
7180 0
7181 0
7182 0
7183 0
7184 0
7185 0
7186 0
7187 0
7188 0
7189 0
7190 0
7191 0
7192 0
7193 1
7194 0
7195 1
7196 0
7285 0
7286 1
7287 0
7288 0
7289 0
7290 0
7291 0
7292 0
7293 0
7294 0
7295 0
7296 0
7297 0
7298 0
7299 0
7300 0
7301 0
7302 0
7303 1
7304 0
7305 0
7306 0
7307 0
7308 0
7309 0
7310 1
7311 0
7312 1
7313 1
7314 0
7315 0
7316 1
7317 1
7318 0
7319 0
7320 0
7321 0
7322 0
7323 0
7324 0
7325 0
7326 0
7327 0
7328 0
7329 1
7330 1
7331 1
7332 0
7333 0
7334 0
7335 1
7336 1
7337 0
7338 0
7339 0
7340 1
7341 1
7342 0
7343 1
7344 1
7345 0
7346 0
7347 1
7348 0
7349 1
7350 1
7351 0
7440 0
7441 0
7442 0
7443 0
7444 0
7445 0
7446 0
7447 0
7448 0
7449 0
7450 0
7451 0
7452 0
7453 0
7454 0
7455 0
7456 0
7457 0
7458 0
7459 0
7460 0
7461 0
7462 0
7463 0
7464 0
7465 1
7466 0
7467 0
7468 0
7469 0
7470 0
7471 0
7472 0
7473 0
7474 0
7475 0
7476 0
7477 0
7478 0
7479 0
7480 0
7481 0
7482 0
7483 0
7484 1
7485 1
7486 0
7487 1
7488 0
7489 1
7490 1
7491 1
7492 0
7493 0
7494 0
7495 0
7496 0
7497 0
7498 0
7499 0
7500 0
7501 0
7502 0
7503 0
7504 0
7505 1
7506 0
7595 0
7596 0
7597 0
7598 0
7599 0
7600 0
7601 0
7602 0
7603 0
7604 0
7605 0
7606 0
7607 0
7608 0
7609 0
7610 0
7611 0
7612 0
7613 0
7614 0
7615 0
7616 0
7617 0
7618 0
7619 0
7620 0
7621 1
7622 1
7623 0
7624 0
7625 0
7626 0
7627 0
7628 0
7629 0
7630 0
7631 0
7632 0
7633 0
7634 0
7635 1
7636 1
7637 1
7638 1
7639 1
7640 1
7641 1
7642 1
7643 0
7644 1
7645 1
7646 0
7647 0
7648 0
7649 0
7650 0
7651 0
7652 0
7653 0
7654 0
7655 0
7656 0
7657 0
7658 0
7659 0
7660 0
7661 0
7750 0
7751 1
7752 0
7753 0
7754 0
7755 0
7756 0
7757 0
7758 0
7759 0
7760 0
7761 0
7762 0
7763 0
7764 0
7765 0
7766 0
7767 0
7768 0
7769 0
7770 0
7771 0
7772 0
7773 0
7774 0
7775 1
7776 1
7777 1
7778 0
7779 0
7780 0
7781 0
7782 0
7783 0
7784 0
7785 0
7786 0
7787 0
7788 1
7789 1
7790 1
7791 1
7792 0
7793 1
7794 1
7795 0
7796 0
7797 0
7798 0
7799 0
7800 1
7801 0
7802 0
7803 0
7804 0
7805 0
7806 0
7807 0
7808 0
7809 0
7810 0
7811 0
7812 0
7813 0
7814 0
7815 0
7816 0
7905 0
7906 1
7907 1
7908 0
7909 0
7910 0
7911 0
7912 0
7913 0
7914 0
7915 0
7916 0
7917 0
7918 0
7919 0
7920 0
7921 0
7922 0
7923 0
7924 0
7925 0
7926 0
7927 0
7928 0
7929 0
7930 1
7931 1
7932 1
7933 0
7934 0
7935 1
7936 0
7937 1
7938 0
7939 0
7940 0
7941 0
7942 1
7943 1
7944 1
7945 1
7946 1
7947 1
7948 1
7949 1
7950 1
7951 1
7952 1
7953 0
7954 0
7955 1
7956 1
7957 0
7958 0
7959 0
7960 0
7961 0
7962 0
7963 0
7964 0
7965 0
7966 1
7967 1
7968 1
7969 0
7970 0
7971 0
8060 0
8061 0
8062 0
8063 1
8064 0
8065 0
8066 0
8067 1
8068 1
8069 0
8070 0
8071 0
8072 0
8073 0
8074 0
8075 0
8076 0
8077 0
8078 0
8079 0
8080 0
8081 0
8082 0
8083 0
8084 0
8085 0
8086 1
8087 1
8088 1
8089 1
8090 1
8091 1
8092 1
8093 0
8094 0
8095 0
8096 0
8097 1
8098 0
8099 1
8100 1
8101 1
8102 1
8103 1
8104 1
8105 1
8106 1
8107 1
8108 1
8109 1
8110 0
8111 0
8112 0
8113 0
8114 0
8115 0
8116 1
8117 1
8118 1
8119 0
8120 0
8121 1
8122 0
8123 1
8124 0
8125 1
8126 0
8215 1
8216 1
8217 1
8218 1
8219 0
8220 0
8221 0
8222 0
8223 0
8224 0
8225 0
8226 0
8227 0
8228 0
8229 0
8230 0
8231 0
8232 0
8233 0
8234 0
8235 0
8236 0
8237 0
8238 0
8239 0
8240 1
8241 1
8242 1
8243 1
8244 1
8245 1
8246 1
8247 1
8248 1
8249 1
8250 1
8251 1
8252 1
8253 0
8254 0
8255 1
8256 1
8257 1
8258 1
8259 1
8260 1
8261 1
8262 0
8263 1
8264 0
8265 0
8266 0
8267 0
8268 0
8269 0
8270 0
8271 0
8272 0
8273 0
8274 0
8275 1
8276 1
8277 1
8278 1
8279 1
8280 1
8281 1
8370 0
8371 1
8372 1
8373 0
8374 0
8375 1
8376 0
8377 1
8378 1
8379 0
8380 0
8381 0
8382 0
8383 0
8384 0
8385 0
8386 0
8387 0
8388 0
8389 0
8390 0
8391 0
8392 0
8393 0
8394 0
8395 1
8396 1
8397 1
8398 1
8399 1
8400 1
8401 1
8402 1
8403 0
8404 1
8405 1
8406 1
8407 1
8408 1
8409 1
8410 0
8411 0
8412 0
8413 1
8414 0
8415 0
8416 0
8417 0
8418 0
8419 0
8420 0
8421 0
8422 0
8423 0
8424 0
8425 0
8426 0
8427 0
8428 0
8429 0
8430 0
8431 0
8432 0
8433 1
8434 1
8435 1
8436 1
8525 0
8526 0
8527 0
8528 0
8529 0
8530 1
8531 0
8532 1
8533 0
8534 0
8535 0
8536 0
8537 0
8538 0
8539 0
8540 0
8541 0
8542 0
8543 0
8544 1
8545 1
8546 0
8547 0
8548 0
8549 0
8550 0
8551 0
8552 0
8553 0
8554 1
8555 1
8556 1
8557 0
8558 0
8559 1
8560 1
8561 0
8562 1
8563 1
8564 1
8565 1
8566 0
8567 0
8568 0
8569 0
8570 0
8571 0
8572 0
8573 0
8574 0
8575 0
8576 0
8577 0
8578 0
8579 0
8580 0
8581 0
8582 0
8583 0
8584 0
8585 1
8586 1
8587 1
8588 1
8589 1
8590 1
8591 1
8680 0
8681 0
8682 0
8683 0
8684 0
8685 0
8686 1
8687 0
8688 0
8689 0
8690 1
8691 1
8692 1
8693 0
8694 0
8695 0
8696 0
8697 0
8698 0
8699 1
8700 0
8701 0
8702 0
8703 0
8704 0
8705 0
8706 0
8707 0
8708 0
8709 0
8710 0
8711 1
8712 0
8713 0
8714 1
8715 1
8716 1
8717 1
8718 0
8719 0
8720 0
8721 1
8722 0
8723 0
8724 0
8725 0
8726 0
8727 0
8728 0
8729 0
8730 0
8731 0
8732 0
8733 0
8734 0
8735 0
8736 0
8737 0
8738 1
8739 1
8740 1
8741 1
8742 1
8743 1
8744 1
8745 1
8746 1
8835 0
8836 0
8837 0
8838 0
8839 0
8840 0
8841 1
8842 0
8843 0
8844 1
8845 1
8846 0
8847 1
8848 1
8849 0
8850 0
8851 0
8852 0
8853 1
8854 1
8855 1
8856 1
8857 1
8858 0
8859 0
8860 1
8861 1
8862 0
8863 0
8864 0
8865 0
8866 0
8867 0
8868 1
8869 1
8870 0
8871 1
8872 1
8873 1
8874 1
8875 1
8876 1
8877 1
8878 0
8879 0
8880 0
8881 0
8882 0
8883 0
8884 0
8885 0
8886 0
8887 0
8888 0
8889 0
8890 0
8891 1
8892 0
8893 1
8894 1
8895 1
8896 1
8897 1
8898 1
8899 0
8900 1
8901 1
8990 0
8991 0
8992 0
8993 0
8994 0
8995 0
8996 0
8997 0
8998 0
8999 0
9000 1
9001 1
9002 0
9003 0
9004 0
9005 0
9006 0
9007 0
9008 0
9009 0
9010 1
9011 0
9012 0
9013 0
9014 0
9015 1
9016 1
9017 0
9018 0
9019 0
9020 0
9021 0
9022 0
9023 0
9024 1
9025 1
9026 1
9027 0
9028 1
9029 0
9030 0
9031 0
9032 0
9033 0
9034 0
9035 0
9036 0
9037 1
9038 0
9039 0
9040 0
9041 0
9042 0
9043 0
9044 0
9045 0
9046 0
9047 0
9048 0
9049 0
9050 0
9051 0
9052 0
9053 1
9054 1
9055 1
9056 1
9145 1
9146 0
9147 1
9148 0
9149 0
9150 0
9151 0
9152 0
9153 0
9154 0
9155 0
9156 0
9157 0
9158 0
9159 0
9160 0
9161 0
9162 0
9163 0
9164 0
9165 0
9166 0
9167 0
9168 0
9169 1
9170 0
9171 0
9172 0
9173 0
9174 0
9175 0
9176 0
9177 0
9178 0
9179 0
9180 0
9181 0
9182 0
9183 0
9184 0
9185 0
9186 0
9187 0
9188 0
9189 0
9190 0
9191 0
9192 1
9193 1
9194 0
9195 0
9196 0
9197 1
9198 1
9199 0
9200 0
9201 0
9202 0
9203 0
9204 0
9205 0
9206 0
9207 0
9208 0
9209 1
9210 1
9211 1
9300 0
9301 0
9302 1
9303 0
9304 0
9305 0
9306 0
9307 0
9308 0
9309 0
9310 0
9311 0
9312 0
9313 0
9314 0
9315 0
9316 0
9317 0
9318 0
9319 0
9320 0
9321 0
9322 0
9323 0
9324 0
9325 0
9326 0
9327 0
9328 0
9329 0
9330 0
9331 0
9332 0
9333 0
9334 0
9335 0
9336 0
9337 0
9338 1
9339 0
9340 1
9341 1
9342 0
9343 0
9344 0
9345 0
9346 0
9347 0
9348 0
9349 0
9350 1
9351 0
9352 0
9353 1
9354 1
9355 1
9356 1
9357 0
9358 0
9359 0
9360 0
9361 0
9362 0
9363 1
9364 1
9365 1
9366 1
9455 0
9456 0
9457 0
9458 0
9459 0
9460 0
9461 0
9462 0
9463 0
9464 0
9465 0
9466 0
9467 1
9468 1
9469 0
9470 0
9471 0
9472 1
9473 0
9474 0
9475 0
9476 0
9477 0
9478 0
9479 0
9480 0
9481 0
9482 0
9483 0
9484 0
9485 0
9486 0
9487 0
9488 1
9489 1
9490 0
9491 0
9492 0
9493 1
9494 0
9495 0
9496 0
9497 0
9498 0
9499 0
9500 0
9501 0
9502 0
9503 0
9504 0
9505 0
9506 0
9507 0
9508 1
9509 0
9510 1
9511 1
9512 0
9513 0
9514 0
9515 0
9516 1
9517 1
9518 1
9519 0
9520 1
9521 0
9610 0
9611 0
9612 0
9613 1
9614 1
9615 0
9616 0
9617 0
9618 0
9619 0
9620 0
9621 0
9622 1
9623 1
9624 0
9625 0
9626 1
9627 1
9628 1
9629 1
9630 1
9631 1
9632 0
9633 0
9634 0
9635 0
9636 0
9637 0
9638 0
9639 0
9640 0
9641 0
9642 0
9643 0
9644 0
9645 0
9646 0
9647 0
9648 0
9649 0
9650 0
9651 0
9652 0
9653 0
9654 0
9655 0
9656 0
9657 0
9658 0
9659 0
9660 0
9661 0
9662 0
9663 0
9664 0
9665 0
9666 0
9667 0
9668 0
9669 0
9670 0
9671 1
9672 0
9673 1
9674 1
9675 1
9676 0
9765 0
9766 0
9767 0
9768 0
9769 0
9770 0
9771 0
9772 0
9773 0
9774 0
9775 0
9776 0
9777 0
9778 0
9779 0
9780 1
9781 1
9782 1
9783 1
9784 1
9785 0
9786 0
9787 0
9788 0
9789 1
9790 1
9791 0
9792 0
9793 0
9794 0
9795 0
9796 0
9797 0
9798 0
9799 0
9800 1
9801 1
9802 0
9803 0
9804 0
9805 0
9806 0
9807 0
9808 0
9809 0
9810 0
9811 0
9812 0
9813 0
9814 0
9815 0
9816 0
9817 0
9818 0
9819 0
9820 0
9821 0
9822 0
9823 0
9824 0
9825 0
9826 1
9827 0
9828 0
9829 1
9830 1
9831 1
9920 0
9921 0
9922 0
9923 0
9924 0
9925 0
9926 0
9927 1
9928 1
9929 1
9930 0
9931 1
9932 1
9933 1
9934 1
9935 1
9936 1
9937 1
9938 1
9939 1
9940 1
9941 1
9942 1
9943 0
9944 1
9945 1
9946 1
9947 1
9948 0
9949 0
9950 0
9951 0
9952 0
9953 0
9954 0
9955 0
9956 0
9957 0
9958 0
9959 0
9960 0
9961 0
9962 0
9963 0
9964 0
9965 0
9966 0
9967 0
9968 0
9969 0
9970 0
9971 0
9972 0
9973 0
9974 0
9975 0
9976 0
9977 1
9978 0
9979 0
9980 0
9981 0
9982 0
9983 0
9984 1
9985 1
9986 1
10075 1
10076 1
10077 0
10078 0
10079 0
10080 0
10081 1
10082 1
10083 1
10084 1
10085 1
10086 1
10087 1
10088 1
10089 1
10090 1
10091 1
10092 0
10093 1
10094 1
10095 1
10096 1
10097 1
10098 0
10099 0
10100 0
10101 1
10102 0
10103 0
10104 0
10105 0
10106 0
10107 0
10108 0
10109 0
10110 0
10111 0
10112 0
10113 0
10114 0
10115 0
10116 0
10117 0
10118 0
10119 0
10120 0
10121 0
10122 0
10123 0
10124 0
10125 0
10126 0
10127 0
10128 0
10129 0
10130 0
10131 0
10132 0
10133 0
10134 0
10135 0
10136 0
10137 0
10138 0
10139 0
10140 0
10141 0
10230 0
10231 0
10232 0
10233 0
10234 0
10235 0
10236 1
10237 0
10238 1
10239 1
10240 1
10241 1
10242 1
10243 0
10244 1
10245 1
10246 1
10247 0
10248 0
10249 1
10250 0
10251 0
10252 0
10253 0
10254 0
10255 0
10256 0
10257 0
10258 0
10259 0
10260 0
10261 0
10262 0
10263 1
10264 0
10265 0
10266 0
10267 0
10268 0
10269 0
10270 1
10271 0
10272 0
10273 0
10274 0
10275 0
10276 0
10277 0
10278 0
10279 0
10280 0
10281 0
10282 0
10283 0
10284 0
10285 0
10286 0
10287 0
10288 0
10289 1
10290 0
10291 0
10292 0
10293 0
10294 0
10295 0
10296 0
10385 0
10386 0
10387 0
10388 0
10389 0
10390 0
10391 0
10392 0
10393 0
10394 1
10395 1
10396 1
10397 1
10398 1
10399 1
10400 1
10401 1
10402 1
10403 0
10404 1
10405 0
10406 0
10407 0
10408 0
10409 0
10410 0
10411 0
10412 0
10413 0
10414 0
10415 0
10416 0
10417 0
10418 0
10419 0
10420 0
10421 0
10422 0
10423 0
10424 0
10425 0
10426 0
10427 0
10428 0
10429 0
10430 0
10431 0
10432 0
10433 0
10434 0
10435 0
10436 0
10437 0
10438 0
10439 0
10440 0
10441 0
10442 0
10443 0
10444 0
10445 0
10446 0
10447 0
10448 1
10449 0
10450 0
10451 0
10540 0
10541 0
10542 0
10543 0
10544 0
10545 0
10546 0
10547 0
10548 0
10549 0
10550 0
10551 0
10552 0
10553 0
10554 0
10555 1
10556 0
10557 0
10558 0
10559 0
10560 0
10561 0
10562 0
10563 0
10564 0
10565 0
10566 0
10567 0
10568 0
10569 0
10570 0
10571 0
10572 0
10573 0
10574 0
10575 0
10576 0
10577 0
10578 0
10579 0
10580 0
10581 0
10582 0
10583 0
10584 0
10585 0
10586 0
10587 0
10588 0
10589 0
10590 0
10591 0
10592 0
10593 0
10594 0
10595 0
10596 0
10597 0
10598 0
10599 0
10600 0
10601 0
10602 0
10603 0
10604 0
10605 0
10606 0
10695 0
10696 0
10697 0
10698 0
10699 0
10700 0
10701 0
10702 0
10703 0
10704 0
10705 0
10706 0
10707 0
10708 0
10709 0
10710 0
10711 0
10712 0
10713 0
10714 0
10715 0
10716 0
10717 0
10718 0
10719 0
10720 0
10721 0
10722 0
10723 0
10724 0
10725 0
10726 0
10727 0
10728 0
10729 0
10730 0
10731 0
10732 0
10733 0
10734 0
10735 0
10736 0
10737 0
10738 0
10739 0
10740 0
10741 0
10742 0
10743 0
10744 0
10745 0
10746 0
10747 0
10748 0
10749 0
10750 0
10751 0
10752 0
10753 0
10754 0
10755 0
10756 0
10757 0
10758 0
10759 0
10760 0
10761 0
10850 0
10851 0
10852 0
10853 0
10854 0
10855 0
10856 0
10857 0
10858 0
10859 0
10860 0
10861 0
10862 0
10863 0
10864 0
10865 0
10866 0
10867 0
10868 0
10869 0
10870 0
10871 0
10872 0
10873 0
10874 0
10875 0
10876 0
10877 0
10878 0
10879 0
10880 0
10881 0
10882 0
10883 0
10884 0
10885 0
10886 0
10887 0
10888 0
10889 0
10890 0
10891 0
10892 0
10893 0
10894 0
10895 0
10896 0
10897 0
10898 0
10899 0
10900 0
10901 0
10902 0
10903 0
10904 0
10905 0
10906 0
10907 0
10908 0
10909 0
10910 0
10911 0
10912 0
10913 0
10914 0
10915 0
10916 0
11005 0
11006 0
11007 0
11008 0
11009 0
11010 0
11011 0
11012 0
11013 0
11014 0
11015 0
11016 0
11017 0
11018 0
11019 0
11020 0
11021 0
11022 0
11023 0
11024 0
11025 0
11026 0
11027 0
11028 0
11029 0
11030 0
11031 0
11032 0
11033 0
11034 0
11035 0
11036 0
11037 0
11038 0
11039 0
11040 0
11041 0
11042 0
11043 0
11044 0
11045 0
11046 0
11047 0
11048 0
11049 0
11050 0
11051 0
11052 0
11053 0
11054 0
11055 0
11056 0
11057 0
11058 0
11059 0
11060 0
11061 0
11062 0
11063 0
11064 0
11065 0
11066 0
11067 0
11068 0
11069 0
11070 0
11071 0
11160 0
11161 0
11162 0
11163 0
11164 0
11165 0
11166 0
11167 0
11168 0
11169 0
11170 0
11171 0
11172 0
11173 0
11174 0
11175 0
11176 0
11177 0
11178 0
11179 0
11180 0
11181 0
11182 0
11183 0
11184 0
11185 0
11186 0
11187 0
11188 0
11189 0
11190 0
11191 0
11192 0
11193 0
11194 0
11195 0
11196 0
11197 0
11198 0
11199 0
11200 0
11201 0
11202 0
11203 0
11204 0
11205 0
11206 0
11207 0
11208 0
11209 0
11210 0
11211 0
11212 0
11213 0
11214 0
11215 0
11216 0
11217 0
11218 0
11219 0
11220 0
11221 0
11222 0
11223 0
11224 0
11225 0
11226 0
11315 0
11316 0
11317 0
11318 0
11319 0
11320 0
11321 0
11322 0
11323 0
11324 0
11325 0
11326 0
11327 0
11328 0
11329 0
11330 0
11331 0
11332 0
11333 0
11334 0
11335 0
11336 0
11337 0
11338 0
11339 0
11340 0
11341 0
11342 0
11343 0
11344 0
11345 0
11346 0
11347 0
11348 0
11349 0
11350 0
11351 0
11352 0
11353 0
11354 0
11355 0
11356 0
11357 0
11358 0
11359 0
11360 0
11361 0
11362 0
11363 0
11364 0
11365 0
11366 0
11367 0
11368 0
11369 0
11370 0
11371 0
11372 0
11373 0
11374 0
11375 0
11376 0
11377 0
11378 0
11379 0
11380 0
11381 0
11470 0
11471 0
11472 0
11473 0
11474 0
11475 0
11476 0
11477 0
11478 0
11479 0
11480 0
11481 0
11482 0
11483 0
11484 0
11485 0
11486 0
11487 0
11488 0
11489 0
11490 0
11491 0
11492 0
11493 0
11494 0
11495 0
11496 0
11497 0
11498 0
11499 0
11500 0
11501 0
11502 0
11503 0
11504 0
11505 0
11506 0
11507 0
11508 0
11509 0
11510 0
11511 0
11512 0
11513 0
11514 0
11515 0
11516 0
11517 0
11518 0
11519 0
11520 0
11521 0
11522 0
11523 0
11524 0
11525 0
11526 0
11527 0
11528 0
11529 0
11530 0
11531 0
11532 0
11533 0
11534 0
11535 0
11536 0
11625 0
11626 0
11627 0
11628 0
11629 0
11630 0
11631 0
11632 0
11633 0
11634 0
11635 0
11636 0
11637 0
11638 0
11639 0
11640 0
11641 0
11642 0
11643 0
11644 0
11645 0
11646 0
11647 0
11648 0
11649 0
11650 0
11651 0
11652 0
11653 0
11654 0
11655 0
11656 0
11657 0
11658 0
11659 0
11660 0
11661 0
11662 0
11663 0
11664 0
11665 0
11666 0
11667 0
11668 0
11669 0
11670 0
11671 0
11672 0
11673 0
11674 0
11675 0
11676 0
11677 0
11678 0
11679 0
11680 0
11681 0
11682 0
11683 0
11684 0
11685 0
11686 0
11687 0
11688 0
11689 0
11690 0
11691 0
11780 0
11781 0
11782 0
11783 0
11784 0
11785 0
11786 0
11787 0
11788 0
11789 0
11790 0
11791 0
11792 0
11793 0
11794 0
11795 0
11796 0
11797 0
11798 0
11799 0
11800 0
11801 0
11802 0
11803 0
11804 0
11805 0
11806 0
11807 0
11808 0
11809 0
11810 0
11811 0
11812 0
11813 0
11814 0
11815 0
11816 0
11817 0
11818 0
11819 0
11820 0
11821 0
11822 0
11823 0
11824 0
11825 0
11826 0
11827 0
11828 0
11829 0
11830 0
11831 0
11832 0
11833 0
11834 0
11835 0
11836 0
11837 0
11838 0
11839 0
11840 0
11841 0
11842 0
11843 0
11844 0
11845 0
11846 0
11935 0
11936 0
11937 0
11938 0
11939 0
11940 0
11941 0
11942 0
11943 0
11944 0
11945 0
11946 0
11947 0
11948 0
11949 0
11950 0
11951 0
11952 0
11953 0
11954 0
11955 0
11956 0
11957 0
11958 0
11959 0
11960 0
11961 0
11962 0
11963 0
11964 0
11965 0
11966 0
11967 0
11968 0
11969 0
11970 0
11971 0
11972 0
11973 0
11974 0
11975 0
11976 0
11977 0
11978 0
11979 0
11980 0
11981 0
11982 0
11983 0
11984 0
11985 0
11986 0
11987 0
11988 0
11989 0
11990 0
11991 0
11992 0
11993 0
11994 0
11995 0
11996 0
11997 0
11998 0
11999 0
12000 0
12001 0
12090 0
12091 0
12092 0
12093 0
12094 0
12095 0
12096 0
12097 0
12098 0
12099 0
12100 0
12101 0
12102 0
12103 0
12104 0
12105 0
12106 0
12107 0
12108 0
12109 0
12110 0
12111 0
12112 0
12113 0
12114 0
12115 0
12116 0
12117 0
12118 0
12119 0
12120 0
12121 0
12122 0
12123 0
12124 0
12125 0
12126 0
12127 0
12128 0
12129 0
12130 0
12131 0
12132 0
12133 0
12134 0
12135 0
12136 0
12137 0
12138 0
12139 0
12140 0
12141 0
12142 0
12143 0
12144 0
12145 0
12146 0
12147 0
12148 0
12149 0
12150 0
12151 0
12152 0
12153 0
12154 0
12155 0
12156 0
12245 0
12246 0
12247 0
12248 0
12249 0
12250 0
12251 0
12252 0
12253 0
12254 0
12255 0
12256 0
12257 0
12258 0
12259 0
12260 0
12261 0
12262 0
12263 0
12264 0
12265 0
12266 0
12267 0
12268 0
12269 0
12270 0
12271 0
12272 0
12273 0
12274 0
12275 0
12276 0
12277 0
12278 0
12279 0
12280 0
12281 0
12282 0
12283 0
12284 0
12285 0
12286 0
12287 0
12288 0
12289 0
12290 0
12291 0
12292 0
12293 0
12294 0
12295 0
12296 0
12297 0
12298 0
12299 0
12300 0
12301 0
12302 0
12303 0
12304 0
12305 0
12306 0
12307 0
12308 0
12309 0
12310 0
12311 0
12400 0
12401 0
12402 0
12403 0
12404 0
12405 0
12406 0
12407 0
12408 0
12409 0
12410 0
12411 0
12412 0
12413 0
12414 0
12415 0
12416 0
12417 0
12418 0
12419 0
12420 0
12421 0
12422 0
12423 0
12424 0
12425 0
12426 0
12427 0
12428 0
12429 0
12430 0
12431 0
12432 0
12433 0
12434 0
12435 0
12436 0
12437 0
12438 0
12439 0
12440 0
12441 0
12442 0
12443 0
12444 0
12445 0
12446 0
12447 0
12448 0
12449 0
12450 0
12451 0
12452 0
12453 0
12454 0
12455 0
12456 0
12457 0
12458 0
12459 0
12460 0
12461 0
12462 0
12463 0
12464 0
12465 0
12466 0
12555 0
12556 0
12557 0
12558 0
12559 0
12560 0
12561 0
12562 0
12563 0
12564 0
12565 0
12566 0
12567 0
12568 0
12569 0
12570 0
12571 0
12572 0
12573 0
12574 0
12575 0
12576 0
12577 0
12578 0
12579 0
12580 0
12581 0
12582 0
12583 0
12584 0
12585 0
12586 0
12587 0
12588 0
12589 0
12590 0
12591 0
12592 0
12593 0
12594 0
12595 0
12596 0
12597 0
12598 0
12599 0
12600 0
12601 0
12602 0
12603 0
12604 0
12605 0
12606 0
12607 0
12608 0
12609 0
12610 0
12611 0
12612 0
12613 0
12614 0
12615 0
12616 0
12617 0
12618 0
12619 0
12620 0
12621 0
12710 0
12711 0
12712 0
12713 0
12714 0
12715 0
12716 0
12717 0
12718 0
12719 0
12720 0
12721 0
12722 0
12723 0
12724 0
12725 0
12726 0
12727 0
12728 0
12729 0
12730 0
12731 0
12732 0
12733 0
12734 0
12735 0
12736 0
12737 0
12738 0
12739 0
12740 0
12741 0
12742 0
12743 0
12744 0
12745 0
12746 0
12747 0
12748 0
12749 0
12750 0
12751 0
12752 0
12753 0
12754 0
12755 0
12756 0
12757 0
12758 0
12759 0
12760 0
12761 0
12762 0
12763 0
12764 0
12765 0
12766 0
12767 0
12768 0
12769 0
12770 0
12771 0
12772 0
12773 0
12774 0
12775 0
12776 0
12865 0
12866 0
12867 0
12868 0
12869 0
12870 0
12871 0
12872 0
12873 0
12874 0
12875 0
12876 0
12877 0
12878 0
12879 0
12880 0
12881 0
12882 0
12883 0
12884 0
12885 0
12886 0
12887 0
12888 0
12889 0
12890 0
12891 0
12892 0
12893 0
12894 0
12895 0
12896 0
12897 0
12898 0
12899 0
12900 0
12901 0
12902 0
12903 0
12904 0
12905 0
12906 0
12907 0
12908 0
12909 0
12910 0
12911 0
12912 0
12913 0
12914 0
12915 0
12916 0
12917 0
12918 0
12919 0
12920 0
12921 0
12922 0
12923 0
12924 0
12925 0
12926 0
12927 0
12928 0
12929 0
12930 0
12931 0
13020 0
13021 0
13022 0
13023 0
13024 0
13025 0
13026 0
13027 0
13028 0
13029 0
13030 0
13031 0
13032 0
13033 0
13034 0
13035 0
13036 0
13037 0
13038 0
13039 0
13040 0
13041 0
13042 0
13043 0
13044 0
13045 0
13046 0
13047 0
13048 0
13049 0
13050 0
13051 0
13052 0
13053 0
13054 0
13055 0
13056 0
13057 0
13058 0
13059 0
13060 0
13061 0
13062 0
13063 0
13064 0
13065 0
13066 0
13067 0
13068 0
13069 0
13070 0
13071 0
13072 0
13073 0
13074 0
13075 0
13076 0
13077 0
13078 0
13079 0
13080 0
13081 0
13082 0
13083 0
13084 0
13085 0
13086 0
13175 0
13176 0
13177 0
13178 0
13179 0
13180 0
13181 0
13182 0
13183 0
13184 0
13185 0
13186 0
13187 0
13188 0
13189 0
13190 0
13191 0
13192 0
13193 0
13194 0
13195 0
13196 0
13197 0
13198 0
13199 0
13200 0
13201 0
13202 0
13203 0
13204 0
13205 0
13206 0
13207 0
13208 0
13209 0
13210 0
13211 0
13212 0
13213 0
13214 0
13215 0
13216 0
13217 0
13218 0
13219 0
13220 0
13221 0
13222 0
13223 0
13224 0
13225 0
13226 0
13227 0
13228 0
13229 0
13230 0
13231 0
13232 0
13233 0
13234 0
13235 0
13236 0
13237 0
13238 0
13239 0
13240 0
13241 0
13330 0
13331 0
13332 0
13333 0
13334 0
13335 0
13336 0
13337 0
13338 0
13339 0
13340 0
13341 0
13342 0
13343 0
13344 0
13345 0
13346 0
13347 0
13348 0
13349 0
13350 0
13351 0
13352 0
13353 0
13354 0
13355 0
13356 0
13357 0
13358 0
13359 0
13360 0
13361 0
13362 0
13363 0
13364 0
13365 0
13366 0
13367 0
13368 0
13369 0
13370 0
13371 0
13372 0
13373 0
13374 0
13375 0
13376 0
13377 0
13378 0
13379 0
13380 0
13381 0
13382 0
13383 0
13384 0
13385 0
13386 0
13387 0
13388 0
13389 0
13390 0
13391 0
13392 0
13393 0
13394 0
13395 0
13396 0
13485 0
13486 0
13487 0
13488 0
13489 0
13490 0
13491 0
13492 0
13493 0
13494 0
13495 0
13496 0
13497 0
13498 0
13499 0
13500 0
13501 0
13502 0
13503 0
13504 0
13505 0
13506 0
13507 0
13508 0
13509 0
13510 0
13511 0
13512 0
13513 0
13514 0
13515 0
13516 0
13517 0
13518 0
13519 0
13520 0
13521 0
13522 0
13523 0
13524 0
13525 0
13526 0
13527 0
13528 0
13529 0
13530 0
13531 0
13532 0
13533 0
13534 0
13535 0
13536 0
13537 0
13538 0
13539 0
13540 0
13541 0
13542 0
13543 0
13544 0
13545 0
13546 0
13547 0
13548 0
13549 0
13550 0
13551 0
13640 0
13641 0
13642 0
13643 0
13644 0
13645 0
13646 0
13647 0
13648 0
13649 0
13650 0
13651 0
13652 0
13653 0
13654 0
13655 0
13656 0
13657 0
13658 0
13659 0
13660 0
13661 0
13662 0
13663 0
13664 0
13665 0
13666 0
13667 0
13668 0
13669 0
13670 0
13671 0
13672 0
13673 0
13674 0
13675 0
13676 0
13677 0
13678 0
13679 0
13680 0
13681 0
13682 0
13683 0
13684 0
13685 0
13686 0
13687 0
13688 0
13689 0
13690 0
13691 0
13692 0
13693 0
13694 0
13695 0
13696 0
13697 0
13698 0
13699 0
13700 0
13701 0
13702 0
13703 0
13704 0
13705 0
13706 0
13795 0
13796 0
13797 0
13798 0
13799 0
13800 0
13801 0
13802 0
13803 0
13804 0
13805 0
13806 0
13807 0
13808 0
13809 0
13810 0
13811 0
13812 0
13813 0
13814 0
13815 0
13816 0
13817 0
13818 0
13819 0
13820 0
13821 0
13822 0
13823 0
13824 0
13825 0
13826 0
13827 0
13828 0
13829 0
13830 0
13831 0
13832 0
13833 0
13834 0
13835 0
13836 0
13837 0
13838 0
13839 0
13840 0
13841 0
13842 0
13843 0
13844 0
13845 0
13846 0
13847 0
13848 0
13849 0
13850 0
13851 0
13852 0
13853 0
13854 0
13855 0
13856 0
13857 0
13858 0
13859 0
13860 0
13861 0
13950 0
13951 0
13952 0
13953 0
13954 0
13955 0
13956 0
13957 0
13958 0
13959 0
13960 0
13961 0
13962 0
13963 0
13964 0
13965 0
13966 0
13967 0
13968 0
13969 0
13970 0
13971 0
13972 0
13973 0
13974 0
13975 0
13976 0
13977 0
13978 0
13979 0
13980 0
13981 0
13982 0
13983 0
13984 0
13985 0
13986 0
13987 0
13988 0
13989 0
13990 0
13991 0
13992 0
13993 0
13994 0
13995 0
13996 0
13997 0
13998 0
13999 0
14000 0
14001 0
14002 0
14003 0
14004 0
14005 0
14006 0
14007 0
14008 0
14009 0
14010 0
14011 0
14012 0
14013 0
14014 0
14015 0
14016 0
14105 0
14106 0
14107 0
14108 0
14109 0
14110 0
14111 0
14112 0
14113 0
14114 0
14115 0
14116 0
14117 0
14118 0
14119 0
14120 0
14121 0
14122 0
14123 0
14124 0
14125 0
14126 0
14127 0
14128 0
14129 0
14130 0
14131 0
14132 0
14133 0
14134 0
14135 0
14136 0
14137 0
14138 0
14139 0
14140 0
14141 0
14142 0
14143 0
14144 0
14145 0
14146 0
14147 0
14148 0
14149 0
14150 0
14151 0
14152 0
14153 0
14154 0
14155 0
14156 0
14157 0
14158 0
14159 0
14160 0
14161 0
14162 0
14163 0
14164 0
14165 0
14166 0
14167 0
14168 0
14169 0
14170 0
14171 0
14260 0
14261 0
14262 0
14263 0
14264 0
14265 0
14266 0
14267 0
14268 0
14269 0
14270 0
14271 0
14272 0
14273 0
14274 0
14275 0
14276 0
14277 0
14278 0
14279 0
14280 0
14281 0
14282 0
14283 0
14284 0
14285 0
14286 0
14287 0
14288 0
14289 0
14290 0
14291 0
14292 0
14293 0
14294 0
14295 0
14296 0
14297 0
14298 0
14299 0
14300 0
14301 0
14302 0
14303 0
14304 0
14305 0
14306 0
14307 0
14308 0
14309 0
14310 0
14311 0
14312 0
14313 0
14314 0
14315 0
14316 0
14317 0
14318 0
14319 0
14320 0
14321 0
14322 0
14323 0
14324 0
14325 0
14326 0
14415 0
14416 0
14417 0
14418 0
14419 0
14420 0
14421 0
14422 0
14423 0
14424 0
14425 0
14426 0
14427 0
14428 0
14429 0
14430 0
14431 0
14432 0
14433 0
14434 0
14435 0
14436 0
14437 0
14438 0
14439 0
14440 0
14441 0
14442 0
14443 0
14444 0
14445 0
14446 0
14447 0
14448 0
14449 0
14450 0
14451 0
14452 0
14453 0
14454 0
14455 0
14456 0
14457 0
14458 0
14459 0
14460 0
14461 0
14462 0
14463 0
14464 0
14465 0
14466 0
14467 0
14468 0
14469 0
14470 0
14471 0
14472 0
14473 0
14474 0
14475 0
14476 0
14477 0
14478 0
14479 0
14480 0
14481 0
14570 0
14571 0
14572 0
14573 0
14574 0
14575 0
14576 0
14577 0
14578 0
14579 0
14580 0
14581 0
14582 0
14583 0
14584 0
14585 0
14586 0
14587 0
14588 0
14589 0
14590 0
14591 0
14592 0
14593 0
14594 0
14595 0
14596 0
14597 0
14598 0
14599 0
14600 0
14601 0
14602 0
14603 0
14604 0
14605 0
14606 0
14607 0
14608 0
14609 0
14610 0
14611 0
14612 0
14613 0
14614 0
14615 0
14616 0
14617 0
14618 0
14619 0
14620 0
14621 0
14622 0
14623 0
14624 0
14625 0
14626 0
14627 0
14628 0
14629 0
14630 0
14631 0
14632 0
14633 0
14634 0
14635 0
14636 0
14725 0
14726 0
14727 0
14728 0
14729 0
14730 0
14731 0
14732 0
14733 0
14734 0
14735 0
14736 0
14737 0
14738 0
14739 0
14740 0
14741 0
14742 0
14743 0
14744 0
14745 0
14746 0
14747 0
14748 0
14749 0
14750 0
14751 0
14752 0
14753 0
14754 0
14755 0
14756 0
14757 0
14758 0
14759 0
14760 0
14761 0
14762 0
14763 0
14764 0
14765 0
14766 0
14767 0
14768 0
14769 0
14770 0
14771 0
14772 0
14773 0
14774 0
14775 0
14776 0
14777 0
14778 0
14779 0
14780 0
14781 0
14782 0
14783 0
14784 0
14785 0
14786 0
14787 0
14788 0
14789 0
14790 0
14791 0
14880 0
14881 0
14882 0
14883 0
14884 0
14885 0
14886 0
14887 0
14888 0
14889 0
14890 0
14891 0
14892 0
14893 0
14894 0
14895 0
14896 0
14897 0
14898 0
14899 0
14900 0
14901 0
14902 0
14903 0
14904 0
14905 0
14906 0
14907 0
14908 0
14909 0
14910 0
14911 0
14912 0
14913 0
14914 0
14915 0
14916 0
14917 0
14918 0
14919 0
14920 0
14921 0
14922 0
14923 0
14924 0
14925 0
14926 0
14927 0
14928 0
14929 0
14930 0
14931 0
14932 0
14933 0
14934 0
14935 0
14936 0
14937 0
14938 0
14939 0
14940 0
14941 0
14942 0
14943 0
14944 0
14945 0
14946 0
15035 0
15036 0
15037 0
15038 0
15039 0
15040 0
15041 0
15042 0
15043 0
15044 0
15045 0
15046 0
15047 0
15048 0
15049 0
15050 0
15051 0
15052 0
15053 0
15054 0
15055 0
15056 0
15057 0
15058 0
15059 0
15060 0
15061 0
15062 0
15063 0
15064 0
15065 0
15066 0
15067 0
15068 0
15069 0
15070 0
15071 0
15072 0
15073 0
15074 0
15075 0
15076 0
15077 0
15078 0
15079 0
15080 0
15081 0
15082 0
15083 0
15084 0
15085 0
15086 0
15087 0
15088 0
15089 0
15090 0
15091 0
15092 0
15093 0
15094 0
15095 0
15096 0
15097 0
15098 0
15099 0
15100 0
15101 0
15190 0
15191 0
15192 0
15193 0
15194 0
15195 0
15196 0
15197 0
15198 0
15199 0
15200 0
15201 0
15202 0
15203 0
15204 0
15205 0
15206 0
15207 0
15208 0
15209 0
15210 0
15211 0
15212 0
15213 0
15214 0
15215 0
15216 0
15217 0
15218 0
15219 0
15220 0
15221 0
15222 0
15223 0
15224 0
15225 0
15226 0
15227 0
15228 0
15229 0
15230 0
15231 0
15232 0
15233 0
15234 0
15235 0
15236 0
15237 0
15238 0
15239 0
15240 0
15241 0
15242 0
15243 0
15244 0
15245 0
15246 0
15247 0
15248 0
15249 0
15250 0
15251 0
15252 0
15253 0
15254 0
15255 0
15256 0
15345 0
15346 0
15347 0
15348 0
15349 0
15350 0
15351 0
15352 0
15353 0
15354 0
15355 0
15356 0
15357 0
15358 0
15359 0
15360 0
15361 0
15362 0
15363 0
15364 0
15365 0
15366 0
15367 0
15368 0
15369 0
15370 0
15371 0
15372 0
15373 0
15374 0
15375 0
15376 0
15377 0
15378 0
15379 0
15380 0
15381 0
15382 0
15383 0
15384 0
15385 0
15386 0
15387 0
15388 0
15389 0
15390 0
15391 0
15392 0
15393 0
15394 0
15395 0
15396 0
15397 0
15398 0
15399 0
15400 0
15401 0
15402 0
15403 0
15404 0
15405 0
15406 0
15407 0
15408 0
15409 0
15410 0
15411 0
15500 0
15501 0
15502 0
15503 0
15504 0
15505 0
15506 0
15507 0
15508 0
15509 0
15510 0
15511 0
15512 0
15513 0
15514 0
15515 0
15516 0
15517 0
15518 0
15519 0
15520 0
15521 0
15522 0
15523 0
15524 0
15525 0
15526 0
15527 0
15528 0
15529 0
15530 0
15531 0
15532 0
15533 0
15534 0
15535 0
15536 0
15537 0
15538 0
15539 0
15540 0
15541 0
15542 0
15543 0
15544 0
15545 0
15546 0
15547 0
15548 0
15549 0
15550 0
15551 0
15552 0
15553 0
15554 0
15555 0
15556 0
15557 0
15558 0
15559 0
15560 0
15561 0
15562 0
15563 0
15564 0
15565 0
15566 0
15655 0
15656 0
15657 0
15658 0
15659 0
15660 0
15661 0
15662 0
15663 0
15664 0
15665 0
15666 0
15667 0
15668 0
15669 0
15670 0
15671 0
15672 0
15673 0
15674 0
15675 0
15676 0
15677 0
15678 0
15679 0
15680 0
15681 0
15682 0
15683 0
15684 0
15685 0
15686 0
15687 0
15688 0
15689 0
15690 0
15691 0
15692 0
15693 0
15694 0
15695 0
15696 0
15697 0
15698 0
15699 0
15700 0
15701 0
15702 0
15703 0
15704 0
15705 0
15706 0
15707 0
15708 0
15709 0
15710 0
15711 0
15712 0
15713 0
15714 0
15715 0
15716 0
15717 0
15718 0
15719 0
15720 0
15721 0
15810 0
15811 0
15812 0
15813 0
15814 0
15815 0
15816 0
15817 0
15818 0
15819 0
15820 0
15821 0
15822 0
15823 0
15824 0
15825 0
15826 0
15827 0
15828 0
15829 0
15830 0
15831 0
15832 0
15833 0
15834 0
15835 0
15836 0
15837 0
15838 0
15839 0
15840 0
15841 0
15842 0
15843 0
15844 0
15845 0
15846 0
15847 0
15848 0
15849 0
15850 0
15851 0
15852 0
15853 0
15854 0
15855 0
15856 0
15857 0
15858 0
15859 0
15860 0
15861 0
15862 0
15863 0
15864 0
15865 0
15866 0
15867 0
15868 0
15869 0
15870 0
15871 0
15872 0
15873 0
15874 0
15875 0
15876 0
15965 0
15966 0
15967 0
15968 0
15969 0
15970 0
15971 0
15972 0
15973 0
15974 0
15975 0
15976 0
15977 0
15978 0
15979 0
15980 0
15981 0
15982 0
15983 0
15984 0
15985 0
15986 0
15987 0
15988 0
15989 0
15990 0
15991 0
15992 0
15993 0
15994 0
15995 0
15996 0
15997 0
15998 0
15999 0
16000 0
16001 0
16002 0
16003 0
16004 0
16005 0
16006 0
16007 0
16008 0
16009 0
16010 0
16011 0
16012 0
16013 0
16014 0
16015 0
16016 0
16017 0
16018 0
16019 0
16020 0
16021 0
16022 0
16023 0
16024 0
16025 0
16026 0
16027 0
16028 0
16029 0
16030 0
16031 0
16120 0
16121 0
16122 0
16123 0
16124 0
16125 0
16126 0
16127 0
16128 0
16129 0
16130 0
16131 0
16132 0
16133 0
16134 0
16135 0
16136 0
16137 0
16138 0
16139 0
16140 0
16141 0
16142 0
16143 0
16144 0
16145 0
16146 0
16147 0
16148 0
16149 0
16150 0
16151 0
16152 0
16153 0
16154 0
16155 0
16156 0
16157 0
16158 0
16159 0
16160 0
16161 0
16162 0
16163 0
16164 0
16165 0
16166 0
16167 0
16168 0
16169 0
16170 0
16171 0
16172 0
16173 0
16174 0
16175 0
16176 0
16177 0
16178 0
16179 0
16180 0
16181 0
16182 0
16183 0
16184 0
16185 0
16186 0
16275 0
16276 0
16277 0
16278 0
16279 0
16280 0
16281 0
16282 0
16283 0
16284 0
16285 0
16286 0
16287 0
16288 0
16289 0
16290 0
16291 0
16292 0
16293 0
16294 0
16295 0
16296 0
16297 0
16298 0
16299 0
16300 0
16301 0
16302 0
16303 0
16304 0
16305 0
16306 0
16307 0
16308 0
16309 0
16310 0
16311 0
16312 0
16313 0
16314 0
16315 0
16316 0
16317 0
16318 0
16319 0
16320 0
16321 0
16322 0
16323 0
16324 0
16325 0
16326 0
16327 0
16328 0
16329 0
16330 0
16331 0
16332 0
16333 0
16334 0
16335 0
16336 0
16337 0
16338 0
16339 0
16340 0
16341 0
16430 0
16431 0
16432 0
16433 0
16434 0
16435 0
16436 0
16437 0
16438 0
16439 0
16440 0
16441 0
16442 0
16443 0
16444 0
16445 0
16446 0
16447 0
16448 0
16449 0
16450 0
16451 0
16452 0
16453 0
16454 0
16455 0
16456 0
16457 0
16458 0
16459 0
16460 0
16461 0
16462 0
16463 0
16464 0
16465 0
16466 0
16467 0
16468 0
16469 0
16470 0
16471 0
16472 0
16473 0
16474 0
16475 0
16476 0
16477 0
16478 0
16479 0
16480 0
16481 0
16482 0
16483 0
16484 0
16485 0
16486 0
16487 0
16488 0
16489 0
16490 0
16491 0
16492 0
16493 0
16494 0
16495 0
16496 0
16585 0
16586 0
16587 0
16588 0
16589 0
16590 0
16591 0
16592 0
16593 0
16594 0
16595 0
16596 0
16597 0
16598 0
16599 0
16600 0
16601 0
16602 0
16603 0
16604 0
16605 0
16606 0
16607 0
16608 0
16609 0
16610 0
16611 0
16612 0
16613 0
16614 0
16615 0
16616 0
16617 0
16618 0
16619 0
16620 0
16621 0
16622 0
16623 0
16624 0
16625 0
16626 0
16627 0
16628 0
16629 0
16630 0
16631 0
16632 0
16633 0
16634 0
16635 0
16636 0
16637 0
16638 0
16639 0
16640 0
16641 0
16642 0
16643 0
16644 0
16645 0
16646 0
16647 0
16648 0
16649 0
16650 0
16651 0
16740 0
16741 0
16742 0
16743 0
16744 0
16745 0
16746 0
16747 0
16748 0
16749 0
16750 0
16751 0
16752 0
16753 0
16754 0
16755 0
16756 0
16757 0
16758 0
16759 0
16760 0
16761 0
16762 0
16763 0
16764 0
16765 0
16766 0
16767 0
16768 0
16769 0
16770 0
16771 0
16772 0
16773 0
16774 0
16775 0
16776 0
16777 0
16778 0
16779 0
16780 0
16781 0
16782 0
16783 0
16784 0
16785 0
16786 0
16787 0
16788 0
16789 0
16790 0
16791 0
16792 0
16793 0
16794 0
16795 0
16796 0
16797 0
16798 0
16799 0
16800 0
16801 0
16802 0
16803 0
16804 0
16805 0
16806 0
16895 0
16896 0
16897 0
16898 0
16899 0
16900 0
16901 0
16902 0
16903 0
16904 0
16905 0
16906 0
16907 0
16908 0
16909 0
16910 0
16911 0
16912 0
16913 0
16914 0
16915 0
16916 0
16917 0
16918 0
16919 0
16920 0
16921 0
16922 0
16923 0
16924 0
16925 0
16926 0
16927 0
16928 0
16929 0
16930 0
16931 0
16932 0
16933 0
16934 0
16935 0
16936 0
16937 0
16938 0
16939 0
16940 0
16941 0
16942 0
16943 0
16944 0
16945 0
16946 0
16947 0
16948 0
16949 0
16950 0
16951 0
16952 0
16953 0
16954 0
16955 0
16956 0
16957 0
16958 0
16959 0
16960 0
16961 0
17050 0
17051 0
17052 0
17053 0
17054 0
17055 0
17056 0
17057 0
17058 0
17059 0
17060 0
17061 0
17062 0
17063 0
17064 0
17065 0
17066 0
17067 0
17068 0
17069 0
17070 0
17071 0
17072 0
17073 0
17074 0
17075 0
17076 0
17077 0
17078 0
17079 0
17080 0
17081 0
17082 0
17083 0
17084 0
17085 0
17086 0
17087 0
17088 0
17089 0
17090 0
17091 0
17092 0
17093 0
17094 0
17095 0
17096 0
17097 0
17098 0
17099 0
17100 0
17101 0
17102 0
17103 0
17104 0
17105 0
17106 0
17107 0
17108 0
17109 0
17110 0
17111 0
17112 0
17113 0
17114 0
17115 0
17116 0
17205 0
17206 0
17207 0
17208 0
17209 0
17210 0
17211 0
17212 0
17213 0
17214 0
17215 0
17216 0
17217 0
17218 0
17219 0
17220 0
17221 0
17222 0
17223 0
17224 0
17225 0
17226 0
17227 0
17228 0
17229 0
17230 0
17231 0
17232 0
17233 0
17234 0
17235 0
17236 0
17237 0
17238 0
17239 0
17240 0
17241 0
17242 0
17243 0
17244 0
17245 0
17246 0
17247 0
17248 0
17249 0
17250 0
17251 0
17252 0
17253 0
17254 0
17255 0
17256 0
17257 0
17258 0
17259 0
17260 0
17261 0
17262 0
17263 0
17264 0
17265 0
17266 0
17267 0
17268 0
17269 0
17270 0
17271 0
17360 0
17361 0
17362 0
17363 0
17364 0
17365 0
17366 0
17367 0
17368 0
17369 0
17370 0
17371 0
17372 0
17373 0
17374 0
17375 0
17376 0
17377 0
17378 0
17379 0
17380 0
17381 0
17382 0
17383 0
17384 0
17385 0
17386 0
17387 0
17388 0
17389 0
17390 0
17391 0
17392 0
17393 0
17394 0
17395 0
17396 0
17397 0
17398 0
17399 0
17400 0
17401 0
17402 0
17403 0
17404 0
17405 0
17406 0
17407 0
17408 0
17409 0
17410 0
17411 0
17412 0
17413 0
17414 0
17415 0
17416 0
17417 0
17418 0
17419 0
17420 0
17421 0
17422 0
17423 0
17424 0
17425 0
17426 0
17515 0
17516 0
17517 0
17518 0
17519 0
17520 0
17521 0
17522 0
17523 0
17524 0
17525 0
17526 0
17527 0
17528 0
17529 0
17530 0
17531 0
17532 0
17533 0
17534 0
17535 0
17536 0
17537 0
17538 0
17539 0
17540 0
17541 0
17542 0
17543 0
17544 0
17545 0
17546 0
17547 0
17548 0
17549 0
17550 0
17551 0
17552 0
17553 0
17554 0
17555 0
17556 0
17557 0
17558 0
17559 0
17560 0
17561 0
17562 0
17563 0
17564 0
17565 0
17566 0
17567 0
17568 0
17569 0
17570 0
17571 0
17572 0
17573 0
17574 0
17575 0
17576 0
17577 0
17578 0
17579 0
17580 0
17581 0
17670 0
17671 0
17672 0
17673 0
17674 0
17675 0
17676 0
17677 0
17678 0
17679 0
17680 0
17681 0
17682 0
17683 0
17684 0
17685 0
17686 0
17687 0
17688 0
17689 0
17690 0
17691 0
17692 0
17693 0
17694 0
17695 0
17696 0
17697 0
17698 0
17699 0
17700 0
17701 0
17702 0
17703 0
17704 0
17705 0
17706 0
17707 0
17708 0
17709 0
17710 0
17711 0
17712 0
17713 0
17714 0
17715 0
17716 0
17717 0
17718 0
17719 0
17720 0
17721 0
17722 0
17723 0
17724 0
17725 0
17726 0
17727 0
17728 0
17729 0
17730 0
17731 0
17732 0
17733 0
17734 0
17735 0
17736 0
17825 0
17826 0
17827 0
17828 0
17829 0
17830 0
17831 0
17832 0
17833 0
17834 0
17835 0
17836 0
17837 0
17838 0
17839 0
17840 0
17841 0
17842 0
17843 0
17844 0
17845 0
17846 0
17847 0
17848 0
17849 0
17850 0
17851 0
17852 0
17853 0
17854 0
17855 0
17856 0
17857 0
17858 0
17859 0
17860 0
17861 0
17862 0
17863 0
17864 0
17865 0
17866 0
17867 0
17868 0
17869 0
17870 0
17871 0
17872 0
17873 0
17874 0
17875 0
17876 0
17877 0
17878 0
17879 0
17880 0
17881 0
17882 0
17883 0
17884 0
17885 0
17886 0
17887 0
17888 0
17889 0
17890 0
17891 0
17980 0
17981 0
17982 0
17983 0
17984 0
17985 0
17986 0
17987 0
17988 0
17989 0
17990 0
17991 0
17992 0
17993 0
17994 0
17995 0
17996 0
17997 0
17998 0
17999 0
18000 0
18001 0
18002 0
18003 0
18004 0
18005 0
18006 0
18007 0
18008 0
18009 0
18010 0
18011 0
18012 0
18013 0
18014 0
18015 0
18016 0
18017 0
18018 0
18019 0
18020 0
18021 0
18022 0
18023 0
18024 0
18025 0
18026 0
18027 0
18028 0
18029 0
18030 0
18031 0
18032 0
18033 0
18034 0
18035 0
18036 0
18037 0
18038 0
18039 0
18040 0
18041 0
18042 0
18043 0
18044 0
18045 0
18046 0
18135 0
18136 0
18137 0
18138 0
18139 0
18140 0
18141 0
18142 0
18143 0
18144 0
18145 0
18146 0
18147 0
18148 0
18149 0
18150 0
18151 0
18152 0
18153 0
18154 0
18155 0
18156 0
18157 0
18158 0
18159 0
18160 0
18161 0
18162 0
18163 0
18164 0
18165 0
18166 0
18167 0
18168 0
18169 0
18170 0
18171 0
18172 0
18173 0
18174 0
18175 0
18176 0
18177 0
18178 0
18179 0
18180 0
18181 0
18182 0
18183 0
18184 0
18185 0
18186 0
18187 0
18188 0
18189 0
18190 0
18191 0
18192 0
18193 0
18194 0
18195 0
18196 0
18197 0
18198 0
18199 0
18200 0
18201 0
18290 0
18291 0
18292 0
18293 0
18294 0
18295 0
18296 0
18297 0
18298 0
18299 0
18300 0
18301 0
18302 0
18303 0
18304 0
18305 0
18306 0
18307 0
18308 0
18309 0
18310 0
18311 0
18312 0
18313 0
18314 0
18315 0
18316 0
18317 0
18318 0
18319 0
18320 0
18321 0
18322 0
18323 0
18324 0
18325 0
18326 0
18327 0
18328 0
18329 0
18330 0
18331 0
18332 0
18333 0
18334 0
18335 0
18336 0
18337 0
18338 0
18339 0
18340 0
18341 0
18342 0
18343 0
18344 0
18345 0
18346 0
18347 0
18348 0
18349 0
18350 0
18351 0
18352 0
18353 0
18354 0
18355 0
18356 0
18445 0
18446 0
18447 0
18448 0
18449 0
18450 0
18451 0
18452 0
18453 0
18454 0
18455 0
18456 0
18457 0
18458 0
18459 0
18460 0
18461 0
18462 0
18463 0
18464 0
18465 0
18466 0
18467 0
18468 0
18469 0
18470 0
18471 0
18472 0
18473 0
18474 0
18475 0
18476 0
18477 0
18478 0
18479 0
18480 0
18481 0
18482 0
18483 0
18484 0
18485 0
18486 0
18487 0
18488 0
18489 0
18490 0
18491 0
18492 0
18493 0
18494 0
18495 0
18496 0
18497 0
18498 0
18499 0
18500 0
18501 0
18502 0
18503 0
18504 0
18505 0
18506 0
18507 0
18508 0
18509 0
18510 0
18511 0
18600 0
18601 0
18602 0
18603 0
18604 0
18605 0
18606 0
18607 0
18608 0
18609 0
18610 0
18611 0
18612 0
18613 0
18614 0
18615 0
18616 0
18617 0
18618 0
18619 0
18620 0
18621 0
18622 0
18623 0
18624 0
18625 0
18626 0
18627 0
18628 0
18629 0
18630 0
18631 0
18632 0
18633 0
18634 0
18635 0
18636 0
18637 0
18638 0
18639 0
18640 0
18641 0
18642 0
18643 0
18644 0
18645 0
18646 0
18647 0
18648 0
18649 0
18650 0
18651 0
18652 0
18653 0
18654 0
18655 0
18656 0
18657 0
18658 0
18659 0
18660 0
18661 0
18662 0
18663 0
18664 0
18665 0
18666 0
18755 0
18756 0
18757 0
18758 0
18759 0
18760 0
18761 0
18762 0
18763 0
18764 0
18765 0
18766 0
18767 0
18768 0
18769 0
18770 0
18771 0
18772 0
18773 0
18774 0
18775 0
18776 0
18777 0
18778 0
18779 0
18780 0
18781 0
18782 0
18783 0
18784 0
18785 0
18786 0
18787 0
18788 0
18789 0
18790 0
18791 0
18792 0
18793 0
18794 0
18795 0
18796 0
18797 0
18798 0
18799 0
18800 0
18801 0
18802 0
18803 0
18804 0
18805 0
18806 0
18807 0
18808 0
18809 0
18810 0
18811 0
18812 0
18813 0
18814 0
18815 0
18816 0
18817 0
18818 0
18819 0
18820 0
18821 0
18910 0
18911 0
18912 0
18913 0
18914 0
18915 0
18916 0
18917 0
18918 0
18919 0
18920 0
18921 0
18922 0
18923 0
18924 0
18925 0
18926 0
18927 0
18928 0
18929 0
18930 0
18931 0
18932 0
18933 0
18934 0
18935 0
18936 0
18937 0
18938 0
18939 0
18940 0
18941 0
18942 0
18943 0
18944 0
18945 0
18946 0
18947 0
18948 0
18949 0
18950 0
18951 0
18952 0
18953 0
18954 0
18955 0
18956 0
18957 0
18958 0
18959 0
18960 0
18961 0
18962 0
18963 0
18964 0
18965 0
18966 0
18967 0
18968 0
18969 0
18970 0
18971 0
18972 0
18973 0
18974 0
18975 0
18976 0
19065 0
19066 0
19067 0
19068 0
19069 0
19070 0
19071 0
19072 0
19073 0
19074 0
19075 0
19076 0
19077 0
19078 0
19079 0
19080 0
19081 0
19082 0
19083 0
19084 0
19085 0
19086 0
19087 0
19088 0
19089 0
19090 0
19091 0
19092 0
19093 0
19094 0
19095 0
19096 0
19097 0
19098 0
19099 0
19100 0
19101 0
19102 0
19103 0
19104 0
19105 0
19106 0
19107 0
19108 0
19109 0
19110 0
19111 0
19112 0
19113 0
19114 0
19115 0
19116 0
19117 0
19118 0
19119 0
19120 0
19121 0
19122 0
19123 0
19124 0
19125 0
19126 0
19127 0
19128 0
19129 0
19130 0
19131 0
19220 0
19221 0
19222 0
19223 0
19224 0
19225 0
19226 0
19227 0
19228 0
19229 0
19230 0
19231 0
19232 0
19233 0
19234 0
19235 0
19236 0
19237 0
19238 0
19239 0
19240 0
19241 0
19242 0
19243 0
19244 0
19245 0
19246 0
19247 0
19248 0
19249 0
19250 0
19251 0
19252 0
19253 0
19254 0
19255 0
19256 0
19257 0
19258 0
19259 0
19260 0
19261 0
19262 0
19263 0
19264 0
19265 0
19266 0
19267 0
19268 0
19269 0
19270 0
19271 0
19272 0
19273 0
19274 0
19275 0
19276 0
19277 0
19278 0
19279 0
19280 0
19281 0
19282 0
19283 0
19284 0
19285 0
19286 0
19375 0
19376 0
19377 0
19378 0
19379 0
19380 0
19381 0
19382 0
19383 0
19384 0
19385 0
19386 0
19387 0
19388 0
19389 0
19390 0
19391 0
19392 0
19393 0
19394 0
19395 0
19396 0
19397 0
19398 0
19399 0
19400 0
19401 0
19402 0
19403 0
19404 0
19405 0
19406 0
19407 0
19408 0
19409 0
19410 0
19411 0
19412 0
19413 0
19414 0
19415 0
19416 0
19417 0
19418 0
19419 0
19420 0
19421 0
19422 0
19423 0
19424 0
19425 0
19426 0
19427 0
19428 0
19429 0
19430 0
19431 0
19432 0
19433 0
19434 0
19435 0
19436 0
19437 0
19438 0
19439 0
19440 0
19441 0
19530 0
19531 0
19532 0
19533 0
19534 0
19535 0
19536 0
19537 0
19538 0
19539 0
19540 0
19541 0
19542 0
19543 0
19544 0
19545 0
19546 0
19547 0
19548 0
19549 0
19550 0
19551 0
19552 0
19553 0
19554 0
19555 0
19556 0
19557 0
19558 0
19559 0
19560 0
19561 0
19562 0
19563 0
19564 0
19565 0
19566 0
19567 0
19568 0
19569 0
19570 0
19571 0
19572 0
19573 0
19574 0
19575 0
19576 0
19577 0
19578 0
19579 0
19580 0
19581 0
19582 0
19583 0
19584 0
19585 0
19586 0
19587 0
19588 0
19589 0
19590 0
19591 0
19592 0
19593 0
19594 0
19595 0
19596 0
19685 0
19686 0
19687 0
19688 0
19689 0
19690 0
19691 0
19692 0
19693 0
19694 0
19695 0
19696 0
19697 0
19698 0
19699 0
19700 0
19701 0
19702 0
19703 0
19704 0
19705 0
19706 0
19707 0
19708 0
19709 0
19710 0
19711 0
19712 0
19713 0
19714 0
19715 0
19716 0
19717 0
19718 0
19719 0
19720 0
19721 0
19722 0
19723 0
19724 0
19725 0
19726 0
19727 0
19728 0
19729 0
19730 0
19731 0
19732 0
19733 0
19734 0
19735 0
19736 0
19737 0
19738 0
19739 0
19740 0
19741 0
19742 0
19743 0
19744 0
19745 0
19746 0
19747 0
19748 0
19749 0
19750 0
19751 0
19840 0
19841 0
19842 0
19843 0
19844 0
19845 0
19846 0
19847 0
19848 0
19849 0
19850 0
19851 0
19852 0
19853 0
19854 0
19855 0
19856 0
19857 0
19858 0
19859 0
19860 0
19861 0
19862 0
19863 0
19864 0
19865 0
19866 0
19867 0
19868 0
19869 0
19870 0
19871 0
19872 0
19873 0
19874 0
19875 0
19876 0
19877 0
19878 0
19879 0
19880 0
19881 0
19882 0
19883 0
19884 0
19885 0
19886 0
19887 0
19888 0
19889 0
19890 0
19891 0
19892 0
19893 0
19894 0
19895 0
19896 0
19897 0
19898 0
19899 0
19900 0
19901 0
19902 0
19903 0
19904 0
19905 0
19906 0
19995 0
19996 0
19997 0
19998 0
19999 0
20000 0
20001 0
20002 0
20003 0
20004 0
20005 0
20006 0
20007 0
20008 0
20009 0
20010 0
20011 0
20012 0
20013 0
20014 0
20015 0
20016 0
20017 0
20018 0
20019 0
20020 0
20021 0
20022 0
20023 0
20024 0
20025 0
20026 0
20027 0
20028 0
20029 0
20030 0
20031 0
20032 0
20033 0
20034 0
20035 0
20036 0
20037 0
20038 0
20039 0
20040 0
20041 0
20042 0
20043 0
20044 0
20045 0
20046 0
20047 0
20048 0
20049 0
20050 0
20051 0
20052 0
20053 0
20054 0
20055 0
20056 0
20057 0
20058 0
20059 0
20060 0
20061 0
20150 0
20151 0
20152 0
20153 0
20154 0
20155 0
20156 0
20157 0
20158 0
20159 0
20160 0
20161 0
20162 0
20163 0
20164 0
20165 0
20166 0
20167 0
20168 0
20169 0
20170 0
20171 0
20172 0
20173 0
20174 0
20175 0
20176 0
20177 0
20178 0
20179 0
20180 0
20181 0
20182 0
20183 0
20184 0
20185 0
20186 0
20187 0
20188 0
20189 0
20190 0
20191 0
20192 0
20193 0
20194 0
20195 0
20196 0
20197 0
20198 0
20199 0
20200 0
20201 0
20202 0
20203 0
20204 0
20205 0
20206 0
20207 0
20208 0
20209 0
20210 0
20211 0
20212 0
20213 0
20214 0
20215 0
20216 0
20305 0
20306 0
20307 0
20308 0
20309 0
20310 0
20311 0
20312 0
20313 0
20314 0
20315 0
20316 0
20317 0
20318 0
20319 0
20320 0
20321 0
20322 0
20323 0
20324 0
20325 0
20326 0
20327 0
20328 0
20329 0
20330 0
20331 0
20332 0
20333 0
20334 0
20335 0
20336 0
20337 0
20338 0
20339 0
20340 0
20341 0
20342 0
20343 0
20344 0
20345 0
20346 0
20347 0
20348 0
20349 0
20350 0
20351 0
20352 0
20353 0
20354 0
20355 0
20356 0
20357 0
20358 0
20359 0
20360 0
20361 0
20362 0
20363 0
20364 0
20365 0
20366 0
20367 0
20368 0
20369 0
20370 0
20371 0
20460 0
20461 0
20462 0
20463 0
20464 0
20465 0
20466 0
20467 0
20468 0
20469 0
20470 0
20471 0
20472 0
20473 0
20474 0
20475 0
20476 0
20477 0
20478 0
20479 0
20480 0
20481 0
20482 0
20483 0
20484 0
20485 0
20486 0
20487 0
20488 0
20489 0
20490 0
20491 0
20492 0
20493 0
20494 0
20495 0
20496 0
20497 0
20498 0
20499 0
20500 0
20501 0
20502 0
20503 0
20504 0
20505 0
20506 0
20507 0
20508 0
20509 0
20510 0
20511 0
20512 0
20513 0
20514 0
20515 0
20516 0
20517 0
20518 0
20519 0
20520 0
20521 0
20522 0
20523 0
20524 0
20525 0
20526 0
20615 0
20616 0
20617 0
20618 0
20619 0
20620 0
20621 0
20622 0
20623 0
20624 0
20625 0
20626 0
20627 0
20628 0
20629 0
20630 0
20631 0
20632 0
20633 0
20634 0
20635 0
20636 0
20637 0
20638 0
20639 0
20640 0
20641 0
20642 0
20643 0
20644 0
20645 0
20646 0
20647 0
20648 0
20649 0
20650 0
20651 0
20652 0
20653 0
20654 0
20655 0
20656 0
20657 0
20658 0
20659 0
20660 0
20661 0
20662 0
20663 0
20664 0
20665 0
20666 0
20667 0
20668 0
20669 0
20670 0
20671 0
20672 0
20673 0
20674 0
20675 0
20676 0
20677 0
20678 0
20679 0
20680 0
20681 0
20770 0
20771 0
20772 0
20773 0
20774 0
20775 0
20776 0
20777 0
20778 0
20779 0
20780 0
20781 0
20782 0
20783 0
20784 0
20785 0
20786 0
20787 0
20788 0
20789 0
20790 0
20791 0
20792 0
20793 0
20794 0
20795 0
20796 0
20797 0
20798 0
20799 0
20800 0
20801 0
20802 0
20803 0
20804 0
20805 0
20806 0
20807 0
20808 0
20809 0
20810 0
20811 0
20812 0
20813 0
20814 0
20815 0
20816 0
20817 0
20818 0
20819 0
20820 0
20821 0
20822 0
20823 0
20824 0
20825 0
20826 0
20827 0
20828 0
20829 0
20830 0
20831 0
20832 0
20833 0
20834 0
20835 0
20836 0
20925 0
20926 0
20927 0
20928 0
20929 0
20930 0
20931 0
20932 0
20933 0
20934 0
20935 0
20936 0
20937 0
20938 0
20939 0
20940 0
20941 0
20942 0
20943 0
20944 0
20945 0
20946 0
20947 0
20948 0
20949 0
20950 0
20951 0
20952 0
20953 0
20954 0
20955 0
20956 0
20957 0
20958 0
20959 0
20960 0
20961 0
20962 0
20963 0
20964 0
20965 0
20966 0
20967 0
20968 0
20969 0
20970 0
20971 0
20972 0
20973 0
20974 0
20975 0
20976 0
20977 0
20978 0
20979 0
20980 0
20981 0
20982 0
20983 0
20984 0
20985 0
20986 0
20987 0
20988 0
20989 0
20990 0
20991 0
21080 0
21081 0
21082 0
21083 0
21084 0
21085 0
21086 0
21087 0
21088 0
21089 0
21090 0
21091 0
21092 0
21093 0
21094 0
21095 0
21096 0
21097 0
21098 0
21099 0
21100 0
21101 0
21102 0
21103 0
21104 0
21105 0
21106 0
21107 0
21108 0
21109 0
21110 0
21111 0
21112 0
21113 0
21114 0
21115 0
21116 0
21117 0
21118 0
21119 0
21120 0
21121 0
21122 0
21123 0
21124 0
21125 0
21126 0
21127 0
21128 0
21129 0
21130 0
21131 0
21132 0
21133 0
21134 0
21135 0
21136 0
21137 0
21138 0
21139 0
21140 0
21141 0
21142 0
21143 0
21144 0
21145 0
21146 0
21235 0
21236 0
21237 0
21238 0
21239 0
21240 0
21241 0
21242 0
21243 0
21244 0
21245 0
21246 0
21247 0
21248 0
21249 0
21250 0
21251 0
21252 0
21253 0
21254 0
21255 0
21256 0
21257 0
21258 0
21259 0
21260 0
21261 0
21262 0
21263 0
21264 0
21265 0
21266 0
21267 0
21268 0
21269 0
21270 0
21271 0
21272 0
21273 0
21274 0
21275 0
21276 0
21277 0
21278 0
21279 0
21280 0
21281 0
21282 0
21283 0
21284 0
21285 0
21286 0
21287 0
21288 0
21289 0
21290 0
21291 0
21292 0
21293 0
21294 0
21295 0
21296 0
21297 0
21298 0
21299 0
21300 0
21301 0
21390 0
21391 0
21392 0
21393 0
21394 0
21395 0
21396 0
21397 0
21398 0
21399 0
21400 0
21401 0
21402 0
21403 0
21404 0
21405 0
21406 0
21407 0
21408 0
21409 0
21410 0
21411 0
21412 0
21413 0
21414 0
21415 0
21416 0
21417 0
21418 0
21419 0
21420 0
21421 0
21422 0
21423 0
21424 0
21425 0
21426 0
21427 0
21428 0
21429 0
21430 0
21431 0
21432 0
21433 0
21434 0
21435 0
21436 0
21437 0
21438 0
21439 0
21440 0
21441 0
21442 0
21443 0
21444 0
21445 0
21446 0
21447 0
21448 0
21449 0
21450 0
21451 0
21452 0
21453 0
21454 0
21455 0
21456 0
21545 0
21546 0
21547 0
21548 0
21549 0
21550 0
21551 0
21552 0
21553 0
21554 0
21555 0
21556 0
21557 0
21558 0
21559 0
21560 0
21561 0
21562 0
21563 0
21564 0
21565 0
21566 0
21567 0
21568 0
21569 0
21570 0
21571 0
21572 0
21573 0
21574 0
21575 0
21576 0
21577 0
21578 0
21579 0
21580 0
21581 0
21582 0
21583 0
21584 0
21585 0
21586 0
21587 0
21588 0
21589 0
21590 0
21591 0
21592 0
21593 0
21594 0
21595 0
21596 0
21597 0
21598 0
21599 0
21600 0
21601 0
21602 0
21603 0
21604 0
21605 0
21606 0
21607 0
21608 0
21609 0
21610 0
21611 0
21700 0
21701 0
21702 0
21703 0
21704 0
21705 0
21706 0
21707 0
21708 0
21709 0
21710 0
21711 0
21712 0
21713 0
21714 0
21715 0
21716 0
21717 0
21718 0
21719 0
21720 0
21721 0
21722 0
21723 0
21724 0
21725 0
21726 0
21727 0
21728 0
21729 0
21730 0
21731 0
21732 0
21733 0
21734 0
21735 0
21736 0
21737 0
21738 0
21739 0
21740 0
21741 0
21742 0
21743 0
21744 0
21745 0
21746 0
21747 0
21748 0
21749 0
21750 0
21751 0
21752 0
21753 0
21754 0
21755 0
21756 0
21757 0
21758 0
21759 0
21760 0
21761 0
21762 0
21763 0
21764 0
21765 0
21766 0
21855 0
21856 0
21857 0
21858 0
21859 0
21860 0
21861 0
21862 0
21863 0
21864 0
21865 0
21866 0
21867 0
21868 0
21869 0
21870 0
21871 0
21872 0
21873 0
21874 0
21875 0
21876 0
21877 0
21878 0
21879 0
21880 0
21881 0
21882 0
21883 0
21884 0
21885 0
21886 0
21887 0
21888 0
21889 0
21890 0
21891 0
21892 0
21893 0
21894 0
21895 0
21896 0
21897 0
21898 0
21899 0
21900 0
21901 0
21902 0
21903 0
21904 0
21905 0
21906 0
21907 0
21908 0
21909 0
21910 0
21911 0
21912 0
21913 0
21914 0
21915 0
21916 0
21917 0
21918 0
21919 0
21920 0
21921 0
22010 0
22011 0
22012 0
22013 0
22014 0
22015 0
22016 0
22017 0
22018 0
22019 0
22020 0
22021 0
22022 0
22023 0
22024 0
22025 0
22026 0
22027 0
22028 0
22029 0
22030 0
22031 0
22032 0
22033 0
22034 0
22035 0
22036 0
22037 0
22038 0
22039 0
22040 0
22041 0
22042 0
22043 0
22044 0
22045 0
22046 0
22047 0
22048 0
22049 0
22050 0
22051 0
22052 0
22053 0
22054 0
22055 0
22056 0
22057 0
22058 0
22059 0
22060 0
22061 0
22062 0
22063 0
22064 0
22065 0
22066 0
22067 0
22068 0
22069 0
22070 0
22071 0
22072 0
22073 0
22074 0
22075 0
22076 0
22165 0
22166 0
22167 0
22168 0
22169 0
22170 0
22171 0
22172 0
22173 0
22174 0
22175 0
22176 0
22177 0
22178 0
22179 0
22180 0
22181 0
22182 0
22183 0
22184 0
22185 0
22186 0
22187 0
22188 0
22189 0
22190 0
22191 0
22192 0
22193 0
22194 0
22195 0
22196 0
22197 0
22198 0
22199 0
22200 0
22201 0
22202 0
22203 0
22204 0
22205 0
22206 0
22207 0
22208 0
22209 0
22210 0
22211 0
22212 0
22213 0
22214 0
22215 0
22216 0
22217 0
22218 0
22219 0
22220 0
22221 0
22222 0
22223 0
22224 0
22225 0
22226 0
22227 0
22228 0
22229 0
22230 0
22231 0
22320 0
22321 0
22322 0
22323 0
22324 0
22325 0
22326 0
22327 0
22328 0
22329 0
22330 0
22331 0
22332 0
22333 0
22334 0
22335 0
22336 0
22337 0
22338 0
22339 0
22340 0
22341 0
22342 0
22343 0
22344 0
22345 0
22346 0
22347 0
22348 0
22349 0
22350 0
22351 0
22352 0
22353 0
22354 0
22355 0
22356 0
22357 0
22358 0
22359 0
22360 0
22361 0
22362 0
22363 0
22364 0
22365 0
22366 0
22367 0
22368 0
22369 0
22370 0
22371 0
22372 0
22373 0
22374 0
22375 0
22376 0
22377 0
22378 0
22379 0
22380 0
22381 0
22382 0
22383 0
22384 0
22385 0
22386 0
22475 0
22476 0
22477 0
22478 0
22479 0
22480 0
22481 0
22482 0
22483 0
22484 0
22485 0
22486 0
22487 0
22488 0
22489 0
22490 0
22491 0
22492 0
22493 0
22494 0
22495 0
22496 0
22497 0
22498 0
22499 0
22500 0
22501 0
22502 0
22503 0
22504 0
22505 0
22506 0
22507 0
22508 0
22509 0
22510 0
22511 0
22512 0
22513 0
22514 0
22515 0
22516 0
22517 0
22518 0
22519 0
22520 0
22521 0
22522 0
22523 0
22524 0
22525 0
22526 0
22527 0
22528 0
22529 0
22530 0
22531 0
22532 0
22533 0
22534 0
22535 0
22536 0
22537 0
22538 0
22539 0
22540 0
22541 0
22630 0
22631 0
22632 0
22633 0
22634 0
22635 0
22636 0
22637 0
22638 0
22639 0
22640 0
22641 0
22642 0
22643 0
22644 0
22645 0
22646 0
22647 0
22648 0
22649 0
22650 0
22651 0
22652 0
22653 0
22654 0
22655 0
22656 0
22657 0
22658 0
22659 0
22660 0
22661 0
22662 0
22663 0
22664 0
22665 0
22666 0
22667 0
22668 0
22669 0
22670 0
22671 0
22672 0
22673 0
22674 0
22675 0
22676 0
22677 0
22678 0
22679 0
22680 0
22681 0
22682 0
22683 0
22684 0
22685 0
22686 0
22687 0
22688 0
22689 0
22690 0
22691 0
22692 0
22693 0
22694 0
22695 0
22696 0
22785 0
22786 0
22787 0
22788 0
22789 0
22790 0
22791 0
22792 0
22793 0
22794 0
22795 0
22796 0
22797 0
22798 0
22799 0
22800 0
22801 0
22802 0
22803 0
22804 0
22805 0
22806 0
22807 0
22808 0
22809 0
22810 0
22811 0
22812 0
22813 0
22814 0
22815 0
22816 0
22817 0
22818 0
22819 0
22820 0
22821 0
22822 0
22823 0
22824 0
22825 0
22826 0
22827 0
22828 0
22829 0
22830 0
22831 0
22832 0
22833 0
22834 0
22835 0
22836 0
22837 0
22838 0
22839 0
22840 0
22841 0
22842 0
22843 0
22844 0
22845 0
22846 0
22847 0
22848 0
22849 0
22850 0
22851 0
22940 0
22941 0
22942 0
22943 0
22944 0
22945 0
22946 0
22947 0
22948 0
22949 0
22950 0
22951 0
22952 0
22953 0
22954 0
22955 0
22956 0
22957 0
22958 0
22959 0
22960 0
22961 0
22962 0
22963 0
22964 0
22965 0
22966 0
22967 0
22968 0
22969 0
22970 0
22971 0
22972 0
22973 0
22974 0
22975 0
22976 0
22977 0
22978 0
22979 0
22980 0
22981 0
22982 0
22983 0
22984 0
22985 0
22986 0
22987 0
22988 0
22989 0
22990 0
22991 0
22992 0
22993 0
22994 0
22995 0
22996 0
22997 0
22998 0
22999 0
23000 0
23001 0
23002 0
23003 0
23004 0
23005 0
23006 0
23095 0
23096 0
23097 0
23098 0
23099 0
23100 0
23101 0
23102 0
23103 0
23104 0
23105 0
23106 0
23107 0
23108 0
23109 0
23110 0
23111 0
23112 0
23113 0
23114 0
23115 0
23116 0
23117 0
23118 0
23119 0
23120 0
23121 0
23122 0
23123 0
23124 0
23125 0
23126 0
23127 0
23128 0
23129 0
23130 0
23131 0
23132 0
23133 0
23134 0
23135 0
23136 0
23137 0
23138 0
23139 0
23140 0
23141 0
23142 0
23143 0
23144 0
23145 0
23146 0
23147 0
23148 0
23149 0
23150 0
23151 0
23152 0
23153 0
23154 0
23155 0
23156 0
23157 0
23158 0
23159 0
23160 0
23161 0
23250 0
23251 0
23252 0
23253 0
23254 0
23255 0
23256 0
23257 0
23258 0
23259 0
23260 0
23261 0
23262 0
23263 0
23264 0
23265 0
23266 0
23267 0
23268 0
23269 0
23270 0
23271 0
23272 0
23273 0
23274 0
23275 0
23276 0
23277 0
23278 0
23279 0
23280 0
23281 0
23282 0
23283 0
23284 0
23285 0
23286 0
23287 0
23288 0
23289 0
23290 0
23291 0
23292 0
23293 0
23294 0
23295 0
23296 0
23297 0
23298 0
23299 0
23300 0
23301 0
23302 0
23303 0
23304 0
23305 0
23306 0
23307 0
23308 0
23309 0
23310 0
23311 0
23312 0
23313 0
23314 0
23315 0
23316 0
23405 0
23406 0
23407 0
23408 0
23409 0
23410 0
23411 0
23412 0
23413 0
23414 0
23415 0
23416 0
23417 0
23418 0
23419 0
23420 0
23421 0
23422 0
23423 0
23424 0
23425 0
23426 0
23427 0
23428 0
23429 0
23430 0
23431 0
23432 0
23433 0
23434 0
23435 0
23436 0
23437 0
23438 0
23439 0
23440 0
23441 0
23442 0
23443 0
23444 0
23445 0
23446 0
23447 0
23448 0
23449 0
23450 0
23451 0
23452 0
23453 0
23454 0
23455 0
23456 0
23457 0
23458 0
23459 0
23460 0
23461 0
23462 0
23463 0
23464 0
23465 0
23466 0
23467 0
23468 0
23469 0
23470 0
23471 0
23560 0
23561 0
23562 0
23563 0
23564 0
23565 0
23566 0
23567 0
23568 0
23569 0
23570 0
23571 0
23572 0
23573 0
23574 0
23575 0
23576 0
23577 0
23578 0
23579 0
23580 0
23581 0
23582 0
23583 0
23584 0
23585 0
23586 0
23587 0
23588 0
23589 0
23590 0
23591 0
23592 0
23593 0
23594 0
23595 0
23596 0
23597 0
23598 0
23599 0
23600 0
23601 0
23602 0
23603 0
23604 0
23605 0
23606 0
23607 0
23608 0
23609 0
23610 0
23611 0
23612 0
23613 0
23614 0
23615 0
23616 0
23617 0
23618 0
23619 0
23620 0
23621 0
23622 0
23623 0
23624 0
23625 0
23626 0
23715 0
23716 0
23717 0
23718 0
23719 0
23720 0
23721 0
23722 0
23723 0
23724 0
23725 0
23726 0
23727 0
23728 0
23729 0
23730 0
23731 0
23732 0
23733 0
23734 0
23735 0
23736 0
23737 0
23738 0
23739 0
23740 0
23741 0
23742 0
23743 0
23744 0
23745 0
23746 0
23747 0
23748 0
23749 0
23750 0
23751 0
23752 0
23753 0
23754 0
23755 0
23756 0
23757 0
23758 0
23759 0
23760 0
23761 0
23762 0
23763 0
23764 0
23765 0
23766 0
23767 0
23768 0
23769 0
23770 0
23771 0
23772 0
23773 0
23774 0
23775 0
23776 0
23777 0
23778 0
23779 0
23780 0
23781 0
23870 0
23871 0
23872 0
23873 0
23874 0
23875 0
23876 0
23877 0
23878 0
23879 0
23880 0
23881 0
23882 0
23883 0
23884 0
23885 0
23886 0
23887 0
23888 0
23889 0
23890 0
23891 0
23892 0
23893 0
23894 0
23895 0
23896 0
23897 0
23898 0
23899 0
23900 0
23901 0
23902 0
23903 0
23904 0
23905 0
23906 0
23907 0
23908 0
23909 0
23910 0
23911 0
23912 0
23913 0
23914 0
23915 0
23916 0
23917 0
23918 0
23919 0
23920 0
23921 0
23922 0
23923 0
23924 0
23925 0
23926 0
23927 0
23928 0
23929 0
23930 0
23931 0
23932 0
23933 0
23934 0
23935 0
23936 0
